Sample	Date	C	N (%)	O	Na	Mg	Al (PPM)	Si (PPM)	P	S	Cl	K (PPM)	Ca (PPM)	Mn (PPM)	Fe (PPM)	Cu (PPM)	As (PPM)	C (Int)	N (Int)	O (Int)	Na (Int)	Mg (Int)	Al (Int)	Si (Int)	P (Int)	S (Int)	Cl (Int)	K (Int)	Ca (Int)	Mn (Int)	Fe (Int)	Cu (Int)	As (Int)	
COM001	04.12.2019 10:16:35	44496268,75 %	12,23	1,36 %	17 PPM	126 PPM	7	3	0,13 %	357 PPM	25 PPM	2	39	6	4	0	0	58,0957	0,4380	2,9889	0,4874	1,7960	32,3646	5,6097	0,3945	1,0494	1,0383	0,5360	6,6932	0,2218	2,3121	0,9362	1,1300	
COM002	04.12.2019 10:28:50	41322146,88 %	12,04	1,53 %	39 PPM	308 PPM	9	11	0,19 %	523 PPM	44 PPM	5	93	7	9	0	0	54,2361	0,4313	3,3708	1,1547	4,3948	37,2398	17,5392	0,5557	1,5380	1,8231	1,6871	15,9978	0,2655	4,8717	0,9900	1,1368	
COM003	04.12.2019 10:41:07	45261415,63 %	12,44	1,31 %	14 PPM	88 PPM	8	2	0,13 %	337 PPM	30 PPM	1	15	6	2	0	0	59,0261	0,4458	2,8878	0,4234	1,2589	33,6267	2,6512	0,3778	0,9904	1,2301	0,3127	2,5690	0,2036	1,2718	0,9044	1,1430	
COM004	09.12.2019 10:31:11	0 PPM	6,33	6,49 %	0,37 %	0,10 %	18	421	784 PPM	588 PPM	179 PPM	421	429	43	20	3	2	0,6732	0,2268	14,2990	107,0343	14,3273	78,0748	678,8313	0,2343	1,7287	7,4363	136,3577	74,1335	1,5471	10,4911	6,1234	4,7973	
COM005	09.12.2019 10:42:29	0 PPM	6,43	6,41 %	0,37 %	0,11 %	18	416	851 PPM	741 PPM	355 PPM	412	424	43	20	3	2	0,6898	0,2303	14,1138	107,2324	15,6295	77,6449	670,3665	0,2542	2,1778	14,7710	133,4297	73,2044	1,5635	10,3545	6,2003	4,8308	
COM006	09.12.2019 10:53:21	0 PPM	6,37	6,54 %	0,37 %	889 PPM	18	423	774 PPM	510 PPM	210 PPM	416	404	43	18	3	2	0,5193	0,2283	14,4174	107,3082	12,6918	78,3077	681,2928	0,2312	1,4988	8,7548	134,7781	69,7336	1,5514	9,3170	6,1825	4,8365	
COM007	09.12.2019 11:05:37	45575578,13 %	12,60	1,30 %	20 PPM	81 PPM	7	2	0,13 %	332 PPM	26 PPM	1	18	6	3	0	0	59,4081	0,4512	2,8748	0,5970	1,1530	31,8134	3,5226	0,3870	0,9754	1,0996	0,3453	3,0616	0,2154	1,6794	0,9053	1,1640	
COM008	09.12.2019 11:17:52	45356481,25 %	12,46	1,31 %	21 PPM	94 PPM	8	2	0,13 %	349 PPM	25 PPM	1	18	6	3	0	0	59,1417	0,4463	2,8769	0,6049	1,3433	32,5224	2,9757	0,3923	1,0278	1,0308	0,3377	3,1299	0,2175	1,4925	0,8511	1,0918	
COM009	09.12.2019 11:30:12	45978687,50 %	12,37	1,29 %	23 PPM	63 PPM	7	1	0,13 %	323 PPM	34 PPM	1	6	6	2	0	0	59,8983	0,4432	2,8390	0,6848	0,9063	31,1494	1,8760	0,3801	0,9509	1,4341	0,2533	1,0190	0,2059	1,1234	0,9187	1,1540	
COM010	09.12.2019 11:41:06	0 PPM	6,40	6,50 %	0,37 %	0,10 %	18	422	789 PPM	687 PPM	212 PPM	419	410	43	23	3	2	0,6498	0,2295	14,3225	107,4832	14,7198	78,4074	679,9182	0,2358	2,0198	8,8250	135,7075	70,8004	1,5652	11,9047	6,1454	4,7874	
COM011	09.12.2019 11:51:58	0 PPM	6,38	6,42 %	0,37 %	0,13 %	18	416	820 PPM	0,11 %	488 PPM	416	405	43	21	3	2	0,6759	0,2286	14,1515	108,8952	18,1272	77,8070	670,9325	0,2451	3,3495	20,2849	134,6018	69,9168	1,5611	10,7292	6,1706	4,8323	
COM012	09.12.2019 12:02:52	0 PPM	6,44	6,50 %	0,37 %	0,11 %	18	422	794 PPM	791 PPM	291 PPM	419	399	43	20	3	2	0,6271	0,2306	14,3217	108,4210	15,3998	78,0292	679,9069	0,2373	2,3260	12,1035	135,6496	68,9015	1,5613	10,3301	6,2383	4,8835	
COM013	09.12.2019 12:15:04	43760687,50 %	11,96	1,32 %	22 PPM	100 PPM	10	2	535 PPM	399 PPM	28 PPM	1	17	5	3	0	0	57,2013	0,4284	2,9146	0,6467	1,4214	42,7505	2,7208	0,1598	1,1734	1,1603	0,2646	2,9711	0,1791	1,6619	0,8107	1,0580	
COM014	09.12.2019 12:27:34	43657828,13 %	12,04	1,29 %	36 PPM	81 PPM	10	1	489 PPM	316 PPM	39 PPM	1	7	5	1	0	0	57,0762	0,4312	2,8459	1,0479	1,1626	42,2753	1,4834	0,1461	0,9288	1,6329	0,2332	1,2121	0,1731	0,7526	0,7831	1,0367	
COM015	09.12.2019 12:39:47	43951990,63 %	12,09	1,32 %	29 PPM	81 PPM	9	1	510 PPM	313 PPM	33 PPM	1	9	5	2	0	0	57,4339	0,4332	2,9082	0,8432	1,1505	40,6631	2,2882	0,1525	0,9215	1,3924	0,2602	1,4732	0,1870	0,9924	0,8529	1,0685	
COM016	09.12.2019 12:52:00	42710934,38 %	11,91	1,32 %	186 PPM	174 PPM	10	2	572 PPM	498 PPM	158 PPM	2	14	5	2	0	0	55,9248	0,4267	2,9032	5,4309	2,4774	42,0959	3,4151	0,1709	1,4654	6,5812	0,4948	2,3948	0,1778	0,9655	0,7977	1,0423	
COM017	09.12.2019 13:04:14	44009406,25 %	11,97	1,29 %	22 PPM	85 PPM	10	1	483 PPM	276 PPM	28 PPM	1	9	5	2	0	0	57,5037	0,4288	2,8527	0,6361	1,2085	44,3523	1,6391	0,1444	0,8110	1,1590	0,2343	1,5373	0,1713	0,7885	0,8108	1,0318	
COM018	09.12.2019 13:16:28	43841640,63 %	12,02	1,32 %	27 PPM	202 PPM	9	2	489 PPM	310 PPM	37 PPM	1	13	5	1	0	0	57,2997	0,4307	2,9191	0,8045	2,8797	40,5203	2,6796	0,1462	0,9121	1,5482	0,2150	2,2370	0,1819	0,7399	0,8354	1,0713	
COM019	09.12.2019 13:28:41	43075837,50 %	11,92	1,34 %	28 PPM	142 PPM	10	3	570 PPM	374 PPM	30 PPM	1	30	5	3	0	0	56,3685	0,4270	2,9553	0,8099	2,0318	42,2587	4,4218	0,1702	1,1002	1,2437	0,4286	5,1048	0,1889	1,4959	0,8141	1,0640	
COM020	09.12.2019 13:40:54	43962737,50 %	12,14	1,31 %	28 PPM	102 PPM	10	1	494 PPM	323 PPM	36 PPM	1	10	5	2	0	0	57,4470	0,4349	2,8782	0,8117	1,4629	43,0731	1,6777	0,1476	0,9493	1,5064	0,2252	1,6568	0,1798	1,2484	0,8081	1,0135	
COM021	09.12.2019 13:53:28	43780975,00 %	11,82	1,32 %	10 PPM	172 PPM	10	1	430 PPM	260 PPM	20 PPM	1	12	5	1	0	0	57,2259	0,4233	2,9056	0,2910	2,4538	43,3426	2,3906	0,1285	0,7654	0,8318	0,1977	1,9886	0,1756	0,7043	0,8652	1,0186	
COM022	09.12.2019 14:04:22	0 PPM	6,43	6,40 %	0,37 %	0,12 %	18	415	766 PPM	0,12 %	565 PPM	410	395	43	17	3	2	0,5853	0,2304	14,0987	107,3343	17,5216	77,0834	669,3607	0,2289	3,6749	23,5154	132,5776	68,2786	1,5546	8,8315	6,1615	4,8867	
COM023	09.12.2019 14:15:16	0 PPM	6,33	6,43 %	0,37 %	0,12 %	18	418	764 PPM	0,10 %	546 PPM	410	390	42	17	3	2	0,5426	0,2267	14,1763	107,4036	17,2783	77,4358	673,3987	0,2282	3,0837	22,7324	132,6991	67,3041	1,5358	8,6460	6,1929	4,8851	
COM024	09.12.2019 14:26:07	0 PPM	6,45	6,45 %	0,36 %	0,11 %	18	419	809 PPM	999 PPM	349 PPM	415	396	42	18	3	2	0,5931	0,2312	14,2205	106,6161	15,9953	77,4970	675,3307	0,2419	2,9366	14,5221	134,1991	68,3542	1,5411	9,1111	6,1421	4,8066	
COM025	09.12.2019 14:37:03	0 PPM	6,49	6,40 %	0,37 %	0,13 %	18	416	844 PPM	0,12 %	659 PPM	409	391	42	17	3	2	0,6011	0,2324	14,1046	107,3049	19,0578	77,1926	670,4196	0,2521	3,5383	27,4039	132,5236	67,5257	1,5404	8,8671	6,1699	4,8479	
COM026	09.12.2019 14:47:57	0 PPM	6,31	6,52 %	0,37 %	943 PPM	18	423	747 PPM	679 PPM	219 PPM	416	397	42	17	3	2	0,5215	0,2262	14,3613	107,2643	13,4669	78,3154	681,4759	0,2233	1,9958	9,1124	134,6289	68,5353	1,5429	8,6327	6,1219	4,7716	
COM027	09.12.2019 14:58:53	0 PPM	6,50	6,42 %	0,37 %	0,14 %	18	416	777 PPM	0,11 %	559 PPM	410	395	42	16	3	2	0,5667	0,2330	14,1379	107,9104	20,2253	76,9535	670,3899	0,2321	3,2226	23,2562	132,6587	68,1752	1,5322	8,5724	6,1791	4,8261	
COM028	09.12.2019 15:09:47	0 PPM	6,46	6,40 %	0,37 %	0,12 %	18	417	849 PPM	0,10 %	437 PPM	412	417	43	18	3	2	0,7104	0,2316	14,1083	106,8576	17,2631	77,6644	672,3655	0,2537	3,0736	18,1621	133,2807	71,9738	1,5541	9,4171	6,1543	4,8229	
COM029	09.12.2019 15:20:42	0 PPM	6,48	6,41 %	0,37 %	0,11 %	18	414	834 PPM	952 PPM	375 PPM	415	396	42	19	3	2	0,6168	0,2321	14,1180	106,8616	16,3228	77,0751	667,2466	0,2492	2,7991	15,5809	134,4678	68,4242	1,5436	9,6600	6,1123	4,7886	
COM030	09.12.2019 15:31:38	0 PPM	6,45	6,36 %	0,37 %	0,14 %	17	406	831 PPM	0,12 %	683 PPM	408	393	42	18	3	2	0,5627	0,2311	14,0124	107,7797	19,8205	75,8260	655,1707	0,2484	3,5167	28,4010	132,0269	67,7800	1,5345	9,3710	6,1699	4,8567	
COM031	09.12.2019 15:43:51	40720440,63 %	11,03	1,17 %	33 PPM	67 PPM	11	1	377 PPM	166 PPM	50 PPM	1	7	5	2	0	0	53,5045	0,3952	2,5772	0,9768	0,9634	45,6577	1,8834	0,1125	0,4895	2,0750	0,2290	1,2180	0,1744	0,8871	0,9197	1,0951	
COM032	09.12.2019 15:56:11	43878278,13 %	12,28	1,33 %	27 PPM	82 PPM	6	4	488 PPM	217 PPM	30 PPM	1	18	8	11	0	0	57,3443	0,4400	2,9196	0,7768	1,1720	27,4171	6,0837	0,1458	0,6375	1,2682	0,3455	3,1174	0,2836	5,7409	1,0030	1,1876	
COM033	09.12.2019 16:08:33	45406125,00 %	12,43	1,34 %	15 PPM	86 PPM	7	4	598 PPM	208 PPM	19 PPM	1	16	7	9	0	0	59,2021	0,4454	2,9434	0,4430	1,2313	31,4875	5,6528	0,1787	0,6118	0,7809	0,3254	2,6939	0,2617	4,9294	0,9423	1,1510	
COM034	09.12.2019 16:20:51	44344084,38 %	12,34	1,30 %	13 PPM	55 PPM	9	2	405 PPM	198 PPM	23 PPM	1	5	6	4	0	0	57,9107	0,4420	2,8629	0,3929	0,7845	38,5288	3,1871	0,1209	0,5829	0,9752	0,2000	0,9466	0,2016	1,8811	0,8788	1,0814	
COM035	09.12.2019 16:33:09	45901509,38 %	12,77	1,27 %	8 PPM	39 PPM	3	1	810 PPM	243 PPM	31 PPM	1	4	8	2	1	1	59,8044	0,4576	2,8035	0,2212	0,5500	11,9573	1,0910	0,2421	0,7152	1,2969	0,2074	0,6578	0,3012	0,9343	1,1987	1,4145	
COM036	09.12.2019 16:45:21	40884159,38 %	11,23	1,16 %	13 PPM	51 PPM	10	1	382 PPM	109 PPM	23 PPM	1	3	5	2	0	0	53,7036	0,4024	2,5628	0,3891	0,7220	44,3071	1,0973	0,1141	0,3196	0,9531	0,1795	0,6007	0,1694	0,9939	0,8593	1,0432	
COM037	09.12.2019 16:57:40	44812162,50 %	12,02	1,27 %	18 PPM	51 PPM	7	2	406 PPM	157 PPM	25 PPM	1	10	6	4	0	0	58,4798	0,4305	2,8077	0,5325	0,7217	30,8428	2,4652	0,1214	0,4625	1,0582	0,2163	1,7272	0,2237	2,0939	0,9649	1,1985	
COM038	09.12.2019 17:09:57	44700059,38 %	12,54	1,36 %	18 PPM	109 PPM	7	3	635 PPM	278 PPM	19 PPM	1	19	6	5	0	0	58,3435	0,4493	2,9936	0,5224	1,5501	31,5426	5,4706	0,1896	0,8174	0,8108	0,3701	3,2202	0,2301	2,6020	0,9303	1,0876	
COM039	09.12.2019 17:22:45	44297709,38 %	11,91	1,27 %	8 PPM	48 PPM	10	1	353 PPM	157 PPM	15 PPM	0	4	5	2	0	0	57,8543	0,4267	2,7965	0,2381	0,6830	41,8941	1,8817	0,1054	0,4624	0,6185	0,1551	0,6513	0,1715	0,8356	0,7265	0,9674	
COM040	09.12.2019 17:34:59	46446603,13 %	12,66	1,27 %	8 PPM	37 PPM	3	1	811 PPM	252 PPM	28 PPM	1	3	8	2	1	1	60,4672	0,4536	2,8041	0,2284	0,5340	12,3158	0,9885	0,2425	0,7397	1,1446	0,2038	0,5414	0,3060	0,9156	1,1988	1,4194	
COM041	09.12.2019 17:47:09	40891553,13 %	11,12	1,15 %	25 PPM	54 PPM	10	0	351 PPM	143 PPM	32 PPM	0	5	5	1	0	0	53,7126	0,3984	2,5364	0,7187	0,7708	45,2454	0,7394	0,1049	0,4215	1,3189	0,1535	0,8796	0,1656	0,6274	0,8036	1,0498	
COM042	09.12.2019 17:59:30	44832078,13 %	12,17	1,27 %	17 PPM	48 PPM	7	2	430 PPM	150 PPM	21 PPM	1	11	6	2	0	0	58,5040	0,4360	2,7993	0,5043	0,6817	30,4446	2,5726	0,1285	0,4421	0,8691	0,2054	1,8578	0,2196	1,1101	0,8768	1,1319	
COM043	09.12.2019 18:11:47	45751356,25 %	12,30	1,30 %	12 PPM	63 PPM	8	2	532 PPM	177 PPM	18 PPM	1	11	6	2	0	0	59,6218	0,4407	2,8559	0,3543	0,8968	33,4968	2,7928	0,1590	0,5204	0,7402	0,2353	1,8480	0,2126	1,0279	0,9014	1,1329	
COM044	09.12.2019 18:24:02	45064084,38 %	12,37	1,26 %	13 PPM	44 PPM	9	1	369 PPM	173 PPM	22 PPM	0	4	5	1	0	0	58,7861	0,4430	2,7852	0,3930	0,6256	36,9667	1,2339	0,1103	0,5086	0,8998	0,1533	0,6621	0,1818	0,6244	0,8248	1,0504	
COM045	09.12.2019 18:36:20	46519731,25 %	12,76	1,27 %	5 PPM	29 PPM	2	0	731 PPM	211 PPM	26 PPM	1	3	9	2	1	1	60,5561	0,4573	2,7976	0,1541	0,4146	10,6119	0,7990	0,2183	0,6206	1,0887	0,1988	0,4519	0,3172	0,8486	1,2658	1,4592	
COM046	09.12.2019 18:49:15	43755806,25 %	12,02	1,30 %	49 PPM	93 PPM	10	1	464 PPM	348 PPM	51 PPM	1	7	5	1	0	0	57,1953	0,4305	2,8636	1,4402	1,3305	43,5427	1,4761	0,1387	1,0232	2,1311	0,3292	1,2705	0,1690	0,6387	0,8067	0,9976	
COM047	09.12.2019 19:01:28	43698975,00 %	12,19	1,31 %	38 PPM	83 PPM	10	1	551 PPM	381 PPM	43 PPM	1	8	5	1	0	0	57,1262	0,4366	2,8767	1,1056	1,1787	42,8870	1,6508	0,1647	1,1199	1,7744	0,2648	1,4489	0,1722	0,7308	0,8257	1,0602	
COM048	09.12.2019 19:13:42	40685921,88 %	12,65	1,30 %	665 PPM	356 PPM	2	1	0,14 %	0,17 %	998 PPM	5	13	9	2	1	1	53,4625	0,4532	2,8611	19,4535	5,0849	9,8359	1,4706	0,4321	5,1418	41,5007	1,5092	2,3066	0,3392	1,0573	1,3522	1,4773	
COM049	09.12.2019 19:25:54	43733906,25 %	12,29	1,31 %	50 PPM	112 PPM	10	1	0,14 %	424 PPM	61 PPM	1	14	5	2	0	0	57,1687	0,4403	2,8829	1,4595	1,5961	43,2352	2,2735	0,4127	1,2467	2,5509	0,2597	2,3755	0,1775	0,8332	0,8012	1,0165	
COM050	09.12.2019 19:38:08	43946912,50 %	12,09	1,29 %	20 PPM	84 PPM	10	1	0,11 %	267 PPM	24 PPM	1	8	5	1	0	0	57,4277	0,4331	2,8513	0,5958	1,1926	43,9423	1,4789	0,3421	0,7861	1,0014	0,2233	1,2955	0,1725	0,6634	0,7845	1,0385	
COM051	09.12.2019 19:50:28	45314434,38 %	13,20	1,34 %	17 PPM	107 PPM	3	2	0,32 %	411 PPM	37 PPM	1	9	8	2	1	1	59,0906	0,4731	2,9614	0,5076	1,5282	12,6734	2,6553	0,9440	1,2101	1,5314	0,2701	1,4913	0,3074	1,0996	1,2280	1,4308	
COM052	09.12.2019 20:02:42	42921425,00 %	12,40	1,35 %	80 PPM	173 PPM	10	3	0,16 %	471 PPM	73 PPM	1	29	5	3	0	0	56,1808	0,4443	2,9825	2,3532	2,4739	41,7642	4,0769	0,4674	1,3857	3,0468	0,4560	4,9538	0,1928	1,3391	0,8759	1,0553	
COM053	09.12.2019 20:14:59	45698418,75 %	13,71	1,34 %	15 PPM	100 PPM	2	1	0,33 %	602 PPM	35 PPM	1	9	9	2	1	1	59,5575	0,4910	2,9521	0,4375	1,4210	10,7942	1,4670	0,9992	1,7691	1,4523	0,2729	1,5302	0,3225	0,9819	1,2663	1,4990	
COM054	09.12.2019 20:27:19	44126609,38 %	13,16	1,45 %	16 PPM	118 PPM	3	8	0,31 %	413 PPM	37 PPM	1	10	9	2	1	1	57,6462	0,4714	3,1853	0,4782	1,6879	12,0622	12,6967	0,9347	1,2154	1,5304	0,2798	1,6730	0,3210	1,0407	1,2816	1,4567	
COM055	09.12.2019 20:38:13	0 PPM	6,52	6,49 %	0,37 %	0,11 %	18	421	860 PPM	835 PPM	314 PPM	422	400	43	19	3	2	0,6066	0,2337	14,2933	109,1916	15,9779	78,0276	678,3271	0,2569	2,4571	13,0586	136,7800	69,0696	1,5589	9,6371	6,1352	4,7768	
COM056	09.12.2019 20:49:09	0 PPM	6,36	6,41 %	0,37 %	0,11 %	18	410	804 PPM	0,10 %	380 PPM	416	393	42	18	3	2	0,5337	0,2280	14,1143	107,4434	16,1888	76,7138	661,5518	0,2403	3,0067	15,7971	134,6289	67,8970	1,5442	9,4217	6,1490	4,8130	
COM057	09.12.2019 21:00:02	0 PPM	6,46	6,48 %	0,37 %	0,11 %	18	421	772 PPM	798 PPM	320 PPM	420	398	42	17	3	2	0,5289	0,2316	14,2855	109,4175	15,4154	78,1529	679,3566	0,2308	2,3461	13,3038	136,0454	68,7283	1,5424	8,6530	6,1963	4,8411	
COM058	09.12.2019 21:10:57	0 PPM	6,38	6,43 %	0,37 %	0,12 %	18	419	0,12 %	922 PPM	324 PPM	420	400	43	17	3	2	0,7307	0,2287	14,1582	108,4417	16,7440	78,1355	676,1736	0,3655	2,7116	13,4773	135,9466	69,1095	1,5487	8,8264	6,1210	4,8227	
COM059	09.12.2019 21:21:51	0 PPM	6,71	6,49 %	0,37 %	0,10 %	18	422	0,12 %	730 PPM	260 PPM	421	400	43	17	3	2	0,5796	0,2406	14,2897	108,8426	14,5523	78,3327	681,2570	0,3687	2,1468	10,8152	136,1801	69,0617	1,5637	8,7767	6,1892	4,8601	
COM060	09.12.2019 21:32:46	0 PPM	6,64	6,48 %	0,37 %	0,11 %	18	423	0,12 %	775 PPM	278 PPM	419	399	43	17	3	2	0,5860	0,2380	14,2874	108,0388	15,4853	77,8216	681,5355	0,3583	2,2793	11,5603	135,6779	68,8463	1,5510	8,7299	6,1832	4,8329	
COM061	09.12.2019 21:43:40	0 PPM	6,78	6,39 %	0,37 %	0,12 %	18	417	0,15 %	0,10 %	405 PPM	414	408	43	17	3	2	0,7478	0,2430	14,0873	107,2869	17,6026	77,5286	671,7144	0,4332	2,9647	16,8338	133,9577	70,3764	1,5548	9,0612	6,1758	4,8337	
COM062	09.12.2019 21:54:33	0 PPM	6,59	6,49 %	0,37 %	0,11 %	18	422	0,14 %	738 PPM	253 PPM	423	400	42	18	3	2	0,6012	0,2362	14,2891	108,8956	15,0962	78,2310	680,4157	0,4185	2,1691	10,5400	136,8805	69,1251	1,5429	9,3881	6,1302	4,7462	
COM063	09.12.2019 22:05:25	0 PPM	6,45	6,43 %	0,37 %	0,11 %	18	422	0,14 %	841 PPM	335 PPM	421	403	42	18	3	2	0,6967	0,2310	14,1664	109,4316	16,0074	77,6771	679,7337	0,4224	2,4743	13,9268	136,3045	69,5019	1,5414	9,4813	6,1881	4,7893	
COM064	10.12.2019 09:45:07	40943887,50 %	10,92	1,16 %	21 PPM	44 PPM	10	0	349 PPM	450 PPM	30 PPM	1	8	5	1	0	0	53,7762	0,3911	2,5663	0,6145	0,6331	45,4963	0,6430	0,1041	1,3238	1,2567	0,1645	1,3670	0,1701	0,4859	0,7887	1,0380	
COM065	10.12.2019 09:57:25	44876040,63 %	11,98	1,29 %	22 PPM	40 PPM	6	3	400 PPM	206 PPM	23 PPM	1	6	6	1	0	0	58,5575	0,4290	2,8353	0,6502	0,5740	25,6049	4,6904	0,1194	0,6069	0,9703	0,2596	1,0011	0,2270	0,7524	0,9733	1,1803	
COM066	10.12.2019 09:32:52	44397656,25 %	11,95	1,42 %	28 PPM	61 PPM	7	11	537 PPM	202 PPM	24 PPM	1	5	6	2	0	0	57,9758	0,4279	3,1376	0,8282	0,8757	28,5904	17,8747	0,1604	0,5926	1,0043	0,2818	0,8383	0,2180	0,8390	0,9804	1,1789	
COM067	10.12.2019 10:09:43	44188000,00 %	11,78	1,32 %	30 PPM	53 PPM	9	3	318 PPM	166 PPM	30 PPM	1	3	5	1	0	0	57,7209	0,4221	2,9045	0,8777	0,7578	39,8665	4,6999	0,0950	0,4869	1,2285	0,1990	0,4911	0,1749	0,6115	0,8929	1,0300	
COM068	10.12.2019 10:21:59	46679696,88 %	12,58	1,29 %	8 PPM	29 PPM	3	1	718 PPM	225 PPM	28 PPM	1	2	9	2	1	1	60,7507	0,4506	2,8365	0,2376	0,4211	11,6640	2,0159	0,2146	0,6622	1,1782	0,2117	0,3672	0,3120	0,8238	1,3509	1,4455	
COM069	10.12.2019 10:34:12	41228028,13 %	10,90	1,16 %	23 PPM	43 PPM	10	1	346 PPM	126 PPM	35 PPM	0	3	5	1	0	0	54,1217	0,3904	2,5559	0,6616	0,6153	43,2782	1,1445	0,1032	0,3695	1,4517	0,1538	0,4580	0,1708	0,5729	0,8004	1,0145	
COM070	10.12.2019 10:46:29	44371412,50 %	11,72	1,28 %	92 PPM	118 PPM	6	3	419 PPM	350 PPM	110 PPM	2	6	6	2	0	0	57,9439	0,4200	2,8305	2,6827	1,6835	25,8887	4,9197	0,1251	1,0300	4,5635	0,5076	1,0901	0,2289	0,9523	0,9909	1,2028	
COM071	10.12.2019 10:59:26	45941043,75 %	12,27	1,31 %	26 PPM	58 PPM	6	3	577 PPM	183 PPM	26 PPM	1	7	6	2	0	0	59,8525	0,4397	2,8791	0,7468	0,8234	24,4262	4,2148	0,1723	0,5386	1,1003	0,2762	1,2570	0,2289	0,9197	0,9621	1,1530	
COM072	10.12.2019 11:11:38	43050065,63 %	12,01	1,39 %	61 PPM	86 PPM	9	3	0,11 %	255 PPM	49 PPM	1	11	5	2	0	0	56,3372	0,4304	3,0668	1,7724	1,2255	40,9281	5,6060	0,3205	0,7511	2,0343	0,3139	1,8578	0,1742	0,8399	0,8877	1,0555	
COM073	10.12.2019 11:23:54	46329781,25 %	12,88	1,30 %	12 PPM	42 PPM	3	1	0,15 %	237 PPM	31 PPM	1	3	9	2	1	1	60,3252	0,4615	2,8570	0,3477	0,6054	12,0913	1,8745	0,4521	0,6970	1,2995	0,2112	0,4520	0,3120	0,8579	1,2354	1,4549	
COM074	10.12.2019 11:36:11	41124628,13 %	11,04	1,15 %	15 PPM	40 PPM	9	1	355 PPM	115 PPM	21 PPM	0	2	5	1	0	0	53,9960	0,3955	2,5345	0,4373	0,5647	39,9585	0,9171	0,1061	0,3383	0,8889	0,1375	0,3923	0,1727	0,5110	0,8133	1,0833	
COM075	10.12.2019 11:48:31	44967421,88 %	12,11	1,27 %	20 PPM	42 PPM	6	2	418 PPM	149 PPM	18 PPM	1	5	6	2	0	0	58,6686	0,4340	2,8007	0,5821	0,5956	27,2152	3,4656	0,1250	0,4393	0,7303	0,2664	0,8825	0,2316	0,8157	1,0068	1,1973	
COM076	10.12.2019 12:00:46	45587925,00 %	12,35	1,31 %	31 PPM	58 PPM	7	2	572 PPM	183 PPM	25 PPM	1	6	6	2	0	0	59,4231	0,4426	2,8797	0,9051	0,8258	30,2830	3,8524	0,1709	0,5373	1,0351	0,2919	1,1102	0,2134	0,8501	0,9313	1,1746	
COM077	10.12.2019 12:13:00	43152909,38 %	11,96	1,28 %	187 PPM	151 PPM	10	1	0,11 %	431 PPM	217 PPM	2	4	5	1	0	0	56,4622	0,4284	2,8153	5,4845	2,1547	42,0292	2,1922	0,3225	1,2666	9,0099	0,6607	0,7355	0,1680	0,6544	0,8289	1,0488	
COM078	10.12.2019 12:25:16	46953721,88 %	12,67	1,27 %	11 PPM	37 PPM	3	1	0,13 %	228 PPM	32 PPM	1	2	8	2	1	1	61,0839	0,4538	2,7982	0,3097	0,5240	11,9534	0,8332	0,3972	0,6712	1,3218	0,1915	0,3454	0,3072	0,7899	1,2323	1,4263	
COM079	10.12.2019 12:37:31	42932940,63 %	11,93	1,28 %	258 PPM	206 PPM	9	1	482 PPM	878 PPM	253 PPM	2	14	5	1	0	0	56,1948	0,4273	2,8263	7,5432	2,9432	41,1334	1,5523	0,1439	2,5829	10,5422	0,6104	2,4054	0,1803	0,7044	0,8432	1,0810	
COM080	10.12.2019 12:49:43	43420737,50 %	12,00	1,33 %	21 PPM	100 PPM	10	5	526 PPM	280 PPM	30 PPM	1	7	5	1	0	0	56,7879	0,4298	2,9400	0,6204	1,4212	41,2995	7,5067	0,1573	0,8221	1,2508	0,2239	1,2802	0,1817	0,6980	0,8394	1,0110	
COM081	10.12.2019 13:01:55	43836418,75 %	12,03	1,29 %	25 PPM	85 PPM	10	1	462 PPM	269 PPM	30 PPM	1	6	5	1	0	0	57,2934	0,4308	2,8528	0,7344	1,2189	41,7662	2,3647	0,1380	0,7920	1,2424	0,2132	1,1039	0,1740	0,6739	0,8165	1,0127	
COM082	10.12.2019 13:14:11	43923753,13 %	12,27	1,30 %	26 PPM	91 PPM	9	1	0,20 %	355 PPM	32 PPM	1	7	5	1	0	0	57,3996	0,4397	2,8592	0,7729	1,2954	38,7158	1,3306	0,6095	1,0444	1,3135	0,2012	1,1899	0,1825	0,6197	0,8131	1,0293	
COM083	10.12.2019 13:26:24	42954221,88 %	12,35	1,31 %	117 PPM	150 PPM	9	1	0,28 %	627 PPM	113 PPM	1	10	5	1	0	0	56,2207	0,4424	2,8911	3,4094	2,1442	40,9312	1,3057	0,8409	1,8427	4,6926	0,3489	1,8055	0,1857	0,7483	0,8241	1,0545	
COM084	10.12.2019 13:38:36	43245059,38 %	12,72	1,32 %	34 PPM	118 PPM	10	1	0,30 %	500 PPM	37 PPM	1	8	5	1	0	0	56,5743	0,4556	2,9021	0,9866	1,6891	44,5586	1,3382	0,8950	1,4716	1,5584	0,2338	1,3317	0,1711	0,6754	0,7972	1,0349	
COM085	10.12.2019 13:50:52	38631425,00 %	11,59	1,29 %	982 PPM	620 PPM	8	1	0,27 %	0,20 %	915 PPM	6	17	6	1	0	0	50,9643	0,4153	2,8480	28,7224	8,8509	35,8265	1,8590	0,8050	5,8187	38,0861	1,9531	3,0115	0,2108	0,7566	0,8688	1,0590	
COM086	10.12.2019 14:03:06	43919003,13 %	12,66	1,31 %	18 PPM	113 PPM	10	1	0,22 %	758 PPM	24 PPM	1	17	5	1	0	0	57,3938	0,4535	2,8936	0,5407	1,6122	41,4627	1,8625	0,6528	2,2302	0,9899	0,2213	2,9255	0,1818	0,6856	0,7991	1,0441	
COM087	10.12.2019 14:15:21	41956681,25 %	12,36	1,42 %	42 PPM	147 PPM	10	5	0,30 %	483 PPM	78 PPM	1	16	5	1	0	0	55,0077	0,4427	3,1194	1,2349	2,0991	41,7573	8,5614	0,9042	1,4211	3,2617	0,2746	2,7260	0,1859	0,7556	0,8191	1,0663	
COM088	10.12.2019 14:26:14	0 PPM	6,41	6,50 %	0,38 %	0,10 %	18	423	827 PPM	745 PPM	257 PPM	424	399	43	18	3	2	0,5692	0,2297	14,3316	109,8159	14,8833	78,1760	681,4671	0,2470	2,1901	10,6792	137,1314	68,9736	1,5495	9,5183	6,0953	4,7587	
COM089	10.12.2019 14:37:08	0 PPM	6,39	6,47 %	0,37 %	987 PPM	18	423	865 PPM	629 PPM	233 PPM	423	399	42	18	3	2	0,7034	0,2289	14,2468	109,5082	14,0858	78,0803	681,4186	0,2585	1,8504	9,6989	136,9089	68,9644	1,5455	9,4221	6,1152	4,7778	
COM090	10.12.2019 14:48:04	0 PPM	6,39	6,52 %	0,37 %	927 PPM	18	424	784 PPM	692 PPM	195 PPM	421	400	43	17	3	2	0,6153	0,2290	14,3740	108,9066	13,2285	78,8140	683,7827	0,2343	2,0359	8,1106	136,3935	68,9835	1,5546	8,7504	6,1672	4,8124	
COM091	10.12.2019 14:59:00	0 PPM	6,82	6,35 %	0,37 %	0,12 %	18	419	0,21 %	872 PPM	403 PPM	412	391	42	17	3	2	0,7931	0,2445	13,9798	106,9796	16,6991	76,4554	674,9222	0,6317	2,5643	16,7701	133,2713	67,5386	1,5394	8,6083	6,0953	4,7452	
COM092	10.12.2019 15:09:54	0 PPM	7,35	6,24 %	0,37 %	0,12 %	18	414	0,31 %	0,10 %	491 PPM	413	397	42	17	3	2	1,0956	0,2632	13,7480	107,8687	17,8081	76,5362	668,1351	0,9296	2,9542	20,4432	133,5580	68,4810	1,5382	8,7976	6,1304	4,8007	
COM093	10.12.2019 15:20:50	0 PPM	7,10	6,24 %	0,37 %	0,15 %	17	408	0,23 %	0,16 %	781 PPM	405	390	43	16	3	2	0,9585	0,2545	13,7404	107,8758	21,1128	75,6217	657,4335	0,6863	4,7476	32,5118	131,0312	67,4204	1,5493	8,5453	6,1475	4,8625	
COM094	10.12.2019 15:31:48	0 PPM	6,92	6,28 %	0,37 %	0,13 %	17	411	0,19 %	0,14 %	688 PPM	407	393	43	16	3	2	0,8732	0,2478	13,8350	109,4340	19,2240	75,8449	662,2834	0,5671	4,0849	28,6032	131,8255	67,8330	1,5500	8,5286	6,1660	4,8255	
COM095	10.12.2019 15:42:46	0 PPM	7,14	6,28 %	0,37 %	0,13 %	18	410	0,25 %	0,12 %	623 PPM	408	391	43	17	3	2	0,9220	0,2558	13,8468	107,9417	18,0764	76,0908	661,1227	0,7396	3,5922	25,9259	132,1410	67,5931	1,5514	8,6481	6,1144	4,7975	
COM096	10.12.2019 15:54:19	0 PPM	7,12	6,28 %	0,37 %	0,13 %	18	411	0,26 %	0,11 %	576 PPM	409	393	43	16	3	2	0,9789	0,2552	13,8387	107,9418	17,9289	76,4120	662,2304	0,7802	3,3366	23,9466	132,3653	67,7883	1,5471	8,5452	6,1797	4,7698	
COM097	10.12.2019 16:06:33	41124287,50 %	11,23	1,17 %	25 PPM	57 PPM	10	1	402 PPM	530 PPM	34 PPM	1	11	5	1	0	0	53,9955	0,4022	2,5839	0,7430	0,8156	43,5556	1,1659	0,1202	1,5591	1,4137	0,2085	1,8575	0,1709	0,5928	0,9441	1,0786	
COM098	10.12.2019 16:18:56	44877284,38 %	12,37	1,28 %	35 PPM	65 PPM	6	2	436 PPM	360 PPM	41 PPM	1	16	6	2	0	0	58,5590	0,4432	2,8118	1,0231	0,9241	26,8859	3,1712	0,1304	1,0580	1,6873	0,2791	2,6995	0,2246	0,8510	0,9702	1,1857	
COM099	10.12.2019 16:31:14	46090825,00 %	12,37	1,31 %	17 PPM	60 PPM	6	3	562 PPM	161 PPM	28 PPM	1	7	6	1	0	0	60,0346	0,4433	2,8893	0,4944	0,8518	28,1361	4,9993	0,1678	0,4743	1,1509	0,2504	1,2794	0,2239	0,7669	0,9457	1,1670	
COM100	10.12.2019 16:43:27	43877618,75 %	12,07	1,27 %	10 PPM	46 PPM	10	1	350 PPM	160 PPM	15 PPM	1	4	5	1	0	0	57,3435	0,4325	2,7873	0,3003	0,6524	42,1827	2,0628	0,1044	0,4716	0,6441	0,1626	0,6636	0,1646	0,6168	0,8720	1,0167	
COM101	10.12.2019 16:55:44	47002962,50 %	13,14	1,27 %	7 PPM	29 PPM	3	0	780 PPM	233 PPM	28 PPM	1	3	9	2	1	1	61,1437	0,4707	2,8010	0,2103	0,4140	11,8508	0,7746	0,2332	0,6849	1,1762	0,2022	0,5360	0,3129	0,8590	1,2523	1,4472	
COM102	10.12.2019 17:07:55	40921271,88 %	11,27	1,16 %	80 PPM	94 PPM	10	0	409 PPM	340 PPM	113 PPM	1	4	5	1	0	0	53,7487	0,4039	2,5534	2,3546	1,3424	42,1571	0,6434	0,1222	1,0000	4,7051	0,2967	0,6836	0,1750	0,5029	0,8046	1,0103	
COM103	10.12.2019 17:20:15	44577175,00 %	12,01	1,28 %	35 PPM	53 PPM	6	2	427 PPM	153 PPM	31 PPM	1	4	6	1	0	0	58,1941	0,4302	2,8185	1,0164	0,7496	28,1112	3,4471	0,1277	0,4504	1,2762	0,2966	0,7645	0,2228	0,7081	0,9569	1,1742	
COM104	10.12.2019 17:32:30	46183625,00 %	12,47	1,29 %	24 PPM	59 PPM	7	2	679 PPM	183 PPM	26 PPM	1	6	6	2	0	0	60,1475	0,4467	2,8516	0,7143	0,8466	28,4796	3,0043	0,2028	0,5382	1,0815	0,2655	1,0006	0,2282	0,7975	0,9634	1,1923	
COM105	10.12.2019 17:44:38	43859771,88 %	12,28	1,28 %	18 PPM	69 PPM	10	1	0,17 %	205 PPM	21 PPM	1	3	5	1	0	0	57,3218	0,4399	2,8276	0,5190	0,9892	44,4119	2,1246	0,5025	0,6018	0,8654	0,1869	0,5250	0,1697	0,6175	0,8313	1,0270	
COM106	10.12.2019 17:57:00	46084900,00 %	13,40	1,29 %	14 PPM	50 PPM	3	1	0,18 %	272 PPM	32 PPM	1	3	9	2	1	1	60,0274	0,4800	2,8422	0,4017	0,7197	11,3574	1,1875	0,5337	0,8013	1,3186	0,2215	0,5268	0,3142	0,8539	1,2368	1,4465	
COM107	10.12.2019 18:09:51	40853778,13 %	11,16	1,16 %	24 PPM	50 PPM	11	1	358 PPM	139 PPM	34 PPM	0	3	4	1	0	0	53,6666	0,3999	2,5505	0,7011	0,7091	47,5201	0,8287	0,1069	0,4100	1,4092	0,1540	0,4347	0,1600	0,5108	0,7857	1,0396	
COM108	10.12.2019 18:22:53	45490181,25 %	12,25	1,26 %	23 PPM	46 PPM	6	1	424 PPM	147 PPM	28 PPM	1	4	6	1	0	0	59,3043	0,4387	2,7728	0,6699	0,6518	25,7603	2,0575	0,1266	0,4322	1,1659	0,1980	0,7071	0,2240	0,7037	0,9864	1,1887	
COM109	10.12.2019 18:35:10	46176131,25 %	12,26	1,29 %	13 PPM	54 PPM	6	2	663 PPM	168 PPM	19 PPM	1	5	6	1	0	0	60,1383	0,4392	2,8331	0,3669	0,7770	27,3436	2,6511	0,1980	0,4946	0,7917	0,2137	0,8155	0,2295	0,7641	0,9435	1,1705	
COM110	10.12.2019 18:47:24	44511300,00 %	12,26	1,27 %	12 PPM	55 PPM	10	1	0,17 %	200 PPM	20 PPM	0	3	5	1	0	0	58,1140	0,4392	2,8085	0,3477	0,7810	42,9055	1,5076	0,5069	0,5869	0,8341	0,1532	0,5690	0,1689	0,5498	0,8038	1,0596	
COM111	10.12.2019 18:59:53	46054690,63 %	13,55	1,29 %	10 PPM	44 PPM	3	1	0,18 %	271 PPM	28 PPM	1	3	8	1	1	1	59,9907	0,4853	2,8400	0,2904	0,6318	11,9876	0,8742	0,5332	0,7979	1,1728	0,1985	0,4546	0,3013	0,7802	1,2236	1,3924	
COM112	10.12.2019 19:12:07	44576809,38 %	12,44	1,30 %	20 PPM	78 PPM	9	1	526 PPM	350 PPM	25 PPM	1	8	5	1	0	0	58,1936	0,4457	2,8555	0,5721	1,1148	37,1147	1,5287	0,1571	1,0301	1,0463	0,2229	1,4049	0,1893	0,7491	0,8658	1,0495	
COM113	10.12.2019 19:24:20	43783937,50 %	12,07	1,29 %	37 PPM	84 PPM	10	1	489 PPM	572 PPM	47 PPM	1	12	5	1	0	0	57,2295	0,4324	2,8447	1,0859	1,2032	42,1571	1,4626	0,1460	1,6834	1,9397	0,2271	2,0828	0,1805	0,6455	0,8315	1,0186	
COM114	10.12.2019 19:36:35	41998168,75 %	11,89	1,45 %	47 PPM	94 PPM	10	12	483 PPM	334 PPM	58 PPM	1	8	5	1	0	0	55,0581	0,4259	3,2000	1,3856	1,3349	42,5669	19,2697	0,1442	0,9836	2,4068	0,2159	1,3373	0,1826	0,7686	0,7421	1,0071	
COM115	10.12.2019 19:48:48	43767431,25 %	13,01	1,32 %	26 PPM	110 PPM	10	1	0,24 %	419 PPM	33 PPM	1	8	5	1	0	0	57,2095	0,4662	2,9141	0,7576	1,5737	41,2905	1,6235	0,7245	1,2310	1,3835	0,2076	1,3496	0,1920	0,7581	0,8229	1,0721	
COM116	10.12.2019 20:01:01	43345509,38 %	13,24	1,34 %	31 PPM	133 PPM	10	1	0,34 %	563 PPM	36 PPM	1	9	5	1	0	0	56,6964	0,4744	2,9486	0,8955	1,8998	42,4753	1,5446	1,0266	1,6560	1,4929	0,2810	1,5849	0,1875	0,7378	0,8030	1,0361	
COM117	10.12.2019 20:13:14	42980509,38 %	12,45	1,34 %	40 PPM	113 PPM	10	1	0,22 %	440 PPM	58 PPM	1	12	5	1	0	0	56,2526	0,4461	2,9488	1,1802	1,6128	43,3104	1,6248	0,6593	1,2940	2,4073	0,2316	1,9948	0,1852	0,6877	0,8086	1,0478	
COM118	10.12.2019 20:25:27	42969709,38 %	14,27	1,37 %	20 PPM	164 PPM	9	2	0,30 %	662 PPM	24 PPM	1	15	5	2	0	0	56,2395	0,5113	3,0154	0,5925	2,3370	41,0639	2,5576	0,8980	1,9454	1,0022	0,3156	2,5728	0,1909	0,9548	0,8324	1,0575	
COM119	10.12.2019 20:37:41	43274596,88 %	12,88	1,33 %	93 PPM	129 PPM	9	1	0,24 %	475 PPM	84 PPM	1	13	5	1	0	0	56,6102	0,4615	2,9254	2,7273	1,8403	40,5861	1,8566	0,7106	1,3965	3,4792	0,2263	2,2485	0,1904	0,7505	0,8524	1,0626	
COM120	10.12.2019 20:49:55	43070478,13 %	12,92	1,36 %	12 PPM	119 PPM	9	5	0,24 %	745 PPM	21 PPM	1	9	5	1	0	0	56,3620	0,4630	2,9935	0,3543	1,6918	38,3524	8,2362	0,7282	2,1909	0,8943	0,2109	1,6030	0,1977	0,6959	0,8215	1,0868	
COM121	10.12.2019 21:01:20	0 PPM	6,52	6,51 %	0,37 %	919 PPM	18	423	761 PPM	559 PPM	197 PPM	418	397	43	17	3	2	0,6303	0,2335	14,3412	107,6677	13,1207	78,4619	682,1072	0,2275	1,6432	8,1876	135,4123	68,5348	1,5638	8,6619	6,1766	4,7747	
COM122	10.12.2019 21:12:20	0 PPM	6,44	6,44 %	0,37 %	0,13 %	18	415	821 PPM	0,14 %	613 PPM	409	387	42	16	3	2	0,6800	0,2308	14,1954	107,6675	18,3760	77,0405	669,6645	0,2454	4,1106	25,4899	132,3233	66,8654	1,5367	8,5344	6,0663	4,7934	
COM123	10.12.2019 21:23:14	0 PPM	6,41	6,49 %	0,37 %	0,10 %	18	420	787 PPM	746 PPM	286 PPM	416	393	43	16	3	2	0,5690	0,2297	14,3002	107,5749	14,4333	77,9489	677,6865	0,2351	2,1928	11,8930	134,5926	67,9221	1,5522	8,5278	6,1755	4,8149	
COM124	10.12.2019 21:34:09	0 PPM	7,19	6,27 %	0,37 %	0,12 %	18	415	0,25 %	946 PPM	442 PPM	413	396	43	17	3	2	1,0329	0,2576	13,8218	107,7685	16,8356	76,6292	668,6818	0,7488	2,7806	18,3788	133,7356	68,3711	1,5621	8,7378	6,2251	4,8529	
COM125	10.12.2019 21:45:06	0 PPM	7,59	6,17 %	0,37 %	0,14 %	18	409	0,29 %	0,12 %	621 PPM	411	392	43	17	3	2	1,1461	0,2720	13,5847	108,8873	19,9709	75,9519	658,7538	0,8565	3,5694	25,8364	132,9796	67,6987	1,5616	8,6851	6,1912	4,8323	
COM126	10.12.2019 21:56:01	0 PPM	7,25	6,38 %	0,37 %	798 PPM	18	420	0,22 %	473 PPM	199 PPM	418	402	43	17	3	2	0,9523	0,2597	14,0629	107,7351	11,3860	77,6543	678,0092	0,6462	1,3921	8,2741	135,2524	69,3407	1,5713	8,7296	6,1641	4,8381	
COM127	10.12.2019 22:06:59	0 PPM	8,07	6,12 %	0,36 %	0,14 %	18	409	0,27 %	0,11 %	540 PPM	413	399	43	17	3	2	1,5387	0,2891	13,4785	106,0994	20,2328	76,0674	659,9478	0,7974	3,2433	22,4660	133,7603	68,8389	1,5617	8,7619	6,1510	4,8338	
COM128	10.12.2019 22:17:55	0 PPM	7,25	6,25 %	0,37 %	0,12 %	18	414	0,23 %	949 PPM	499 PPM	413	397	43	17	3	2	1,0633	0,2598	13,7697	109,1137	17,5200	76,3027	668,0577	0,6961	2,7907	20,7683	133,6640	68,5283	1,5589	8,6981	6,1501	4,8276	
COM129	10.12.2019 22:28:51	0 PPM	7,21	6,17 %	0,37 %	0,15 %	18	409	0,22 %	0,14 %	677 PPM	410	391	43	17	3	2	1,3521	0,2582	13,5908	108,6280	20,7890	75,9503	659,9760	0,6560	4,1245	28,1541	132,7094	67,5414	1,5612	8,6611	6,1576	4,8377	
COM130	11.12.2019 09:46:34	41313078,13 %	11,02	1,16 %	11 PPM	36 PPM	10	0	359 PPM	146 PPM	17 PPM	0	3	5	1	0	0	54,2251	0,3949	2,5611	0,3233	0,5182	43,0729	0,6498	0,1074	0,4292	0,7254	0,1403	0,5119	0,1662	0,4944	0,8786	1,0302	
COM131	11.12.2019 09:59:01	44994403,13 %	11,96	1,29 %	21 PPM	42 PPM	6	4	405 PPM	169 PPM	23 PPM	1	7	6	2	0	0	58,7014	0,4284	2,8460	0,6135	0,5952	26,2838	5,9641	0,1211	0,4972	0,9403	0,2046	1,1333	0,2311	0,9393	0,9705	1,1983	
COM132	11.12.2019 10:11:38	45826265,63 %	12,10	1,30 %	23 PPM	59 PPM	7	2	526 PPM	182 PPM	29 PPM	1	6	6	2	0	0	59,7129	0,4336	2,8626	0,6861	0,8452	30,9490	3,9814	0,1571	0,5344	1,1947	0,2298	1,1070	0,2118	0,9020	0,9047	1,1196	
COM133	11.12.2019 10:23:51	44381303,13 %	11,74	1,28 %	30 PPM	51 PPM	9	1	348 PPM	187 PPM	33 PPM	1	4	5	1	0	0	57,9559	0,4207	2,8228	0,8760	0,7345	40,5574	1,6171	0,1040	0,5489	1,3881	0,1792	0,6220	0,1690	0,7374	0,8176	1,0218	
COM134	11.12.2019 10:36:07	46727328,13 %	12,76	1,27 %	9 PPM	30 PPM	3	0	718 PPM	233 PPM	33 PPM	1	3	8	2	1	1	60,8086	0,4573	2,7991	0,2619	0,4321	11,4888	0,6701	0,2147	0,6841	1,3729	0,2057	0,4747	0,3063	0,8161	1,2346	1,4060	
COM135	11.12.2019 10:48:17	40476071,88 %	10,97	1,16 %	51 PPM	77 PPM	11	1	556 PPM	240 PPM	74 PPM	1	3	4	1	0	0	53,2073	0,3930	2,5654	1,5027	1,0984	47,6032	1,2784	0,1662	0,7070	3,0597	0,2946	0,5527	0,1633	0,5139	0,7851	1,0370	
COM136	11.12.2019 11:00:33	45102400,00 %	11,95	1,26 %	21 PPM	39 PPM	6	1	421 PPM	149 PPM	31 PPM	1	5	6	1	0	0	58,8327	0,4281	2,7733	0,6089	0,5566	26,8265	1,9371	0,1258	0,4382	1,2879	0,2261	0,8431	0,2265	0,7328	0,9796	1,1966	
COM137	11.12.2019 11:12:48	45138615,63 %	12,68	1,32 %	30 PPM	82 PPM	8	2	867 PPM	267 PPM	28 PPM	1	8	6	2	0	0	58,8768	0,4543	2,9034	0,8712	1,1742	32,7788	3,4049	0,2590	0,7839	1,1450	0,3004	1,4306	0,2159	0,8605	0,9073	1,1399	
COM138	11.12.2019 11:25:06	44866700,00 %	12,29	1,30 %	16 PPM	73 PPM	9	1	0,22 %	266 PPM	25 PPM	1	3	5	1	0	0	58,5461	0,4401	2,8717	0,4814	1,0422	37,0586	1,2941	0,6598	0,7817	1,0235	0,1970	0,5383	0,1820	0,5743	0,8796	1,0431	
COM139	11.12.2019 11:37:45	45684393,75 %	13,08	1,28 %	18 PPM	53 PPM	3	0	0,15 %	278 PPM	39 PPM	1	3	8	2	0	1	59,5404	0,4686	2,8235	0,5121	0,7582	12,7622	0,7911	0,4630	0,8185	1,6316	0,1961	0,4946	0,3042	0,9295	1,1515	1,3533	
COM140	11.12.2019 11:49:57	41587681,25 %	11,27	1,16 %	20 PPM	46 PPM	10	0	403 PPM	127 PPM	30 PPM	0	3	5	1	0	0	54,5590	0,4036	2,5638	0,5782	0,6539	42,6380	0,6637	0,1204	0,3738	1,2391	0,1417	0,4674	0,1785	0,5090	0,8234	1,0439	
COM141	11.12.2019 12:02:14	45130425,00 %	12,33	1,26 %	29 PPM	53 PPM	6	1	443 PPM	176 PPM	34 PPM	1	5	6	1	0	0	58,8668	0,4417	2,7707	0,8604	0,7604	24,9856	1,6413	0,1325	0,5167	1,4109	0,2130	0,7864	0,2221	0,7067	0,9823	1,1559	
COM142	11.12.2019 12:14:29	45417878,13 %	12,47	1,33 %	14 PPM	73 PPM	6	4	939 PPM	242 PPM	25 PPM	1	8	6	2	0	0	59,2163	0,4466	2,9410	0,4204	1,0437	27,9084	6,7714	0,2806	0,7123	1,0195	0,2269	1,4617	0,2323	0,8072	0,9515	1,1963	
COM143	11.12.2019 12:26:41	43915315,63 %	12,30	1,30 %	58 PPM	95 PPM	10	1	0,17 %	320 PPM	65 PPM	1	3	5	1	0	0	57,3893	0,4408	2,8594	1,7053	1,3607	42,4256	1,9718	0,5138	0,9413	2,6970	0,2195	0,5570	0,1727	0,5534	0,8114	1,0653	
COM144	11.12.2019 12:39:32	46249606,25 %	13,35	1,28 %	7 PPM	50 PPM	3	0	0,17 %	264 PPM	24 PPM	1	2	8	2	1	1	60,2277	0,4781	2,8299	0,2094	0,7185	12,3248	0,6740	0,4994	0,7766	1,0079	0,1970	0,4014	0,3039	0,8348	1,2609	1,4295	
COM145	11.12.2019 12:51:45	43430343,75 %	11,96	1,36 %	9 PPM	76 PPM	10	6	477 PPM	283 PPM	17 PPM	1	6	5	1	0	0	56,7996	0,4285	3,0029	0,2569	1,0839	41,7704	10,0850	0,1425	0,8321	0,7091	0,1686	0,9637	0,1870	0,7681	0,7512	1,0131	
COM146	11.12.2019 13:03:59	43647359,38 %	12,29	1,31 %	43 PPM	102 PPM	10	1	489 PPM	450 PPM	52 PPM	1	9	5	1	0	0	57,0635	0,4404	2,8774	1,2703	1,4614	41,5705	1,5805	0,1460	1,3221	2,1581	0,2197	1,5273	0,1821	0,6908	0,7981	1,0368	
COM147	11.12.2019 13:16:13	43898665,63 %	12,21	1,29 %	32 PPM	73 PPM	10	1	492 PPM	351 PPM	38 PPM	1	7	5	1	0	0	57,3691	0,4373	2,8318	0,9291	1,0448	44,6341	1,4309	0,1470	1,0311	1,5965	0,1983	1,2656	0,1813	0,6633	0,7815	1,0149	
COM148	11.12.2019 13:28:29	42569200,00 %	12,86	1,37 %	38 PPM	145 PPM	9	3	0,24 %	586 PPM	41 PPM	1	10	5	1	0	0	55,7525	0,4609	3,0228	1,1047	2,0674	40,0644	4,8649	0,7147	1,7220	1,7186	0,2850	1,6880	0,1926	0,7105	0,8154	1,0256	
COM149	11.12.2019 13:40:47	43314662,50 %	13,35	1,37 %	19 PPM	114 PPM	8	1	0,27 %	592 PPM	41 PPM	1	11	6	1	0	0	56,6589	0,4782	3,0120	0,5459	1,6315	36,6290	1,4248	0,7974	1,7396	1,7001	0,2207	1,8847	0,2021	0,6727	0,8414	1,0395	
COM150	11.12.2019 13:53:01	43108540,63 %	13,19	1,35 %	27 PPM	124 PPM	10	1	0,26 %	571 PPM	41 PPM	1	10	5	1	0	0	56,4083	0,4724	2,9790	0,7826	1,7692	42,1059	1,6315	0,7835	1,6796	1,7088	0,2277	1,8112	0,1918	0,6985	0,8350	1,0425	
COM151	11.12.2019 14:05:14	43183740,63 %	12,96	1,36 %	18 PPM	105 PPM	9	1	0,19 %	546 PPM	46 PPM	1	11	6	1	0	0	56,4997	0,4643	2,9919	0,5383	1,4975	40,3204	1,4673	0,5789	1,6058	1,9071	0,2259	1,8435	0,2006	0,7035	0,8639	1,0630	
COM152	11.12.2019 14:17:30	43178384,38 %	13,50	1,38 %	17 PPM	131 PPM	9	2	0,26 %	637 PPM	23 PPM	1	9	5	2	0	0	56,4932	0,4838	3,0328	0,4887	1,8635	39,3937	3,1860	0,7859	1,8746	0,9647	0,2391	1,5939	0,1991	0,7917	0,7476	1,0103	
COM153	11.12.2019 14:29:42	43270387,50 %	12,91	1,35 %	31 PPM	136 PPM	9	1	0,23 %	558 PPM	32 PPM	1	8	5	1	0	0	56,6051	0,4627	2,9669	0,9095	1,9419	41,0061	2,1399	0,6931	1,6399	1,3463	0,2137	1,3612	0,1926	0,7074	0,8218	1,0726	
COM154	11.12.2019 14:40:39	0 PPM	6,45	6,45 %	0,37 %	0,11 %	18	418	831 PPM	945 PPM	470 PPM	411	392	42	17	3	2	0,7080	0,2312	14,2152	108,3830	15,2288	77,6643	674,2949	0,2483	2,7785	19,5485	133,0451	67,6421	1,5416	8,6157	6,2048	4,8315	
COM155	11.12.2019 14:51:32	0 PPM	6,44	6,47 %	0,37 %	950 PPM	18	419	782 PPM	667 PPM	311 PPM	414	393	43	16	3	2	0,6074	0,2308	14,2635	107,8371	13,5640	77,6338	675,1647	0,2335	1,9601	12,9433	134,0699	67,8076	1,5489	8,5734	6,1544	4,8334	
COM156	11.12.2019 15:02:27	0 PPM	6,35	6,46 %	0,37 %	0,12 %	18	421	820 PPM	946 PPM	434 PPM	413	398	43	17	3	2	0,7462	0,2276	14,2361	109,3635	16,9079	77,8121	679,4745	0,2449	2,7823	18,0491	133,6538	68,6815	1,5821	8,6726	6,3367	4,9701	
COM157	11.12.2019 15:13:06	0 PPM	7,52	5,98 %	0,37 %	0,28 %	17	393	0,18 %	0,56 %	0,14 %	397	414	43	16	3	2	1,2710	0,2694	13,1842	108,6126	39,6700	72,6857	633,6491	0,5336	16,6052	60,1200	128,5965	71,4391	1,5708	8,4894	6,5984	5,3598	
COM158	11.12.2019 15:23:43	0 PPM	7,54	5,94 %	0,37 %	0,28 %	17	393	0,21 %	0,55 %	0,14 %	399	404	43	16	3	2	1,3815	0,2702	13,0931	108,2788	40,3355	72,5747	633,7806	0,6388	16,2545	60,1139	129,2379	69,6816	1,5696	8,4227	6,5772	5,3681	
COM159	11.12.2019 15:34:23	0 PPM	7,50	6,02 %	0,38 %	0,28 %	17	393	0,18 %	0,58 %	0,15 %	400	405	42	16	3	2	1,1793	0,2688	13,2574	109,7403	40,2678	72,7189	633,6085	0,5409	17,1547	62,9364	129,4283	69,9650	1,5442	8,3404	6,5284	5,3072	
COM160	11.12.2019 15:45:16	0 PPM	7,26	6,16 %	0,39 %	0,17 %	17	407	0,17 %	0,18 %	931 PPM	404	392	44	17	3	2	1,1272	0,2599	13,5733	113,3355	23,7049	75,5512	656,0197	0,5079	5,3537	38,7404	130,6763	67,7733	1,5838	8,6556	6,4014	5,0400	
COM161	11.12.2019 15:56:07	0 PPM	7,49	6,11 %	0,39 %	0,16 %	17	407	0,20 %	0,16 %	916 PPM	404	391	43	17	3	2	1,1938	0,2684	13,4525	113,8469	23,1191	75,2407	655,4931	0,6098	4,7098	38,0944	130,6326	67,4664	1,5744	8,6864	6,3566	5,0210	
COM162	11.12.2019 16:07:06	0 PPM	7,50	6,22 %	0,38 %	0,15 %	18	411	0,20 %	0,14 %	779 PPM	407	395	44	17	3	2	1,0906	0,2686	13,7080	111,8309	21,4774	76,1564	661,9685	0,6018	4,0870	32,4200	131,8524	68,2156	1,5906	8,7858	6,3804	5,0184	
COM163	11.12.2019 16:19:55	41047518,75 %	11,00	1,16 %	14 PPM	38 PPM	11	0	352 PPM	413 PPM	23 PPM	0	7	5	1	0	0	53,9022	0,3941	2,5532	0,3985	0,5439	45,6174	0,4287	0,1050	1,2158	0,9545	0,1323	1,1681	0,1678	0,4906	0,8295	1,0689	
COM164	11.12.2019 16:32:13	43655737,50 %	11,87	1,30 %	273 PPM	252 PPM	6	2	408 PPM	699 PPM	310 PPM	2	6	6	1	0	0	57,0737	0,4251	2,8568	7,9808	3,5926	26,2683	3,3514	0,1218	2,0554	12,8801	0,7061	1,0071	0,2289	0,6818	1,0065	1,2219	
COM165	11.12.2019 16:44:30	45558537,50 %	12,18	1,31 %	24 PPM	52 PPM	7	4	524 PPM	153 PPM	21 PPM	1	4	6	1	0	0	59,3874	0,4364	2,8870	0,7165	0,7481	29,6098	5,9338	0,1565	0,4512	0,8676	0,2586	0,6550	0,2187	0,6775	0,9885	1,1407	
COM166	11.12.2019 16:56:40	43848825,00 %	11,79	1,29 %	47 PPM	62 PPM	10	2	323 PPM	239 PPM	66 PPM	1	4	5	1	0	0	57,3085	0,4222	2,8484	1,3611	0,8913	44,1626	2,9527	0,0966	0,7021	2,7363	0,2414	0,6746	0,1667	0,5183	0,7938	0,9987	
COM167	11.12.2019 17:08:56	47038600,00 %	12,91	1,27 %	14 PPM	32 PPM	3	1	681 PPM	230 PPM	36 PPM	1	2	8	2	1	1	61,1871	0,4624	2,7981	0,4199	0,4505	12,3553	0,9269	0,2035	0,6761	1,4947	0,1835	0,3228	0,3039	0,8787	1,1594	1,3939	
COM168	11.12.2019 17:21:08	41689990,63 %	11,33	1,16 %	14 PPM	38 PPM	10	0	425 PPM	244 PPM	24 PPM	0	4	5	1	0	0	54,6834	0,4060	2,5632	0,3997	0,5480	42,0614	0,5818	0,1271	0,7161	1,0009	0,1444	0,7239	0,1748	0,5854	0,8101	1,0487	
COM169	11.12.2019 17:33:27	43865987,50 %	12,07	1,29 %	246 PPM	303 PPM	6	2	474 PPM	928 PPM	313 PPM	2	11	6	1	0	0	57,3293	0,4324	2,8428	7,2066	4,3271	25,0193	2,4480	0,1417	2,7306	13,0141	0,7330	1,8643	0,2300	0,7207	1,0516	1,1997	
COM170	11.12.2019 17:46:25	45637962,50 %	12,95	1,31 %	26 PPM	76 PPM	7	2	962 PPM	283 PPM	26 PPM	1	7	6	2	0	0	59,4840	0,4641	2,8764	0,7583	1,0844	30,7762	2,7117	0,2873	0,8329	1,0971	0,2526	1,1254	0,2312	0,8410	1,0057	1,1715	
COM171	11.12.2019 17:58:40	40503303,13 %	11,96	1,30 %	653 PPM	493 PPM	10	1	0,17 %	0,14 %	639 PPM	4	8	5	1	0	0	53,2405	0,4286	2,8562	19,1039	7,0371	41,6478	2,0152	0,5095	4,1788	26,6050	1,4526	1,4108	0,1818	0,6279	0,9419	1,0629	
COM172	11.12.2019 18:10:56	46637818,75 %	13,11	1,28 %	9 PPM	42 PPM	3	0	0,13 %	256 PPM	27 PPM	1	2	8	2	1	1	60,6997	0,4696	2,8111	0,2608	0,5980	12,0045	0,6033	0,3822	0,7525	1,1205	0,1928	0,3420	0,3087	0,8162	1,2454	1,4433	
COM173	11.12.2019 18:23:09	40678996,88 %	11,13	1,16 %	192 PPM	164 PPM	10	0	370 PPM	543 PPM	220 PPM	1	5	5	1	0	0	53,4541	0,3988	2,5576	5,6107	2,3415	42,4469	0,3821	0,1105	1,5966	9,1676	0,3865	0,8224	0,1685	0,4674	0,8561	1,0304	
COM174	11.12.2019 18:35:27	45268565,63 %	12,49	1,25 %	14 PPM	42 PPM	6	1	480 PPM	177 PPM	21 PPM	1	4	6	2	0	0	59,0348	0,4473	2,7591	0,4108	0,5979	27,9856	1,6617	0,1434	0,5205	0,8584	0,1875	0,7373	0,2242	0,7895	0,9065	1,1586	
COM174_2	11.12.2019 18:47:45	45365209,38 %	12,10	1,25 %	17 PPM	39 PPM	6	0	511 PPM	148 PPM	21 PPM	1	3	6	1	0	0	59,1523	0,4335	2,7443	0,4980	0,5507	27,2179	0,7178	0,1528	0,4339	0,8919	0,1718	0,5329	0,2270	0,6423	0,9501	1,1944	
COM175	11.12.2019 18:59:57	46989143,75 %	12,86	1,32 %	19 PPM	62 PPM	8	1	797 PPM	256 PPM	24 PPM	1	6	6	1	0	0	61,1269	0,4606	2,9171	0,5436	0,8828	35,1483	1,6317	0,2381	0,7517	0,9802	0,1916	0,9693	0,2210	0,6820	0,9322	1,1341	
COM176	11.12.2019 19:12:08	44232793,75 %	12,81	1,29 %	8 PPM	73 PPM	10	1	0,13 %	283 PPM	14 PPM	0	3	5	1	0	0	57,7753	0,4590	2,8339	0,2261	1,0407	45,4708	1,0882	0,3860	0,8320	0,5946	0,1355	0,5147	0,1686	0,5563	0,8796	1,0372	
COM177	11.12.2019 19:24:29	46683646,88 %	13,72	1,29 %	27 PPM	57 PPM	3	1	0,16 %	308 PPM	60 PPM	1	3	9	2	1	1	60,7555	0,4917	2,8450	0,7948	0,8157	11,9425	1,0962	0,4689	0,9044	2,4865	0,1894	0,4984	0,3107	0,8182	1,2645	1,4354	
COM178	11.12.2019 19:36:47	44436187,50 %	12,20	1,30 %	11 PPM	66 PPM	9	1	550 PPM	319 PPM	24 PPM	1	6	5	1	0	0	58,0227	0,4370	2,8637	0,3119	0,9408	39,5560	1,3641	0,1643	0,9389	0,9798	0,1934	1,0534	0,1833	0,6057	0,8223	1,0077	
COM179	11.12.2019 19:49:00	43767293,75 %	12,18	1,30 %	26 PPM	72 PPM	9	1	559 PPM	333 PPM	37 PPM	1	6	5	1	0	0	57,2093	0,4362	2,8538	0,7617	1,0269	40,6702	1,1503	0,1669	0,9791	1,5378	0,2091	1,0896	0,1839	0,6183	0,7851	1,0355	
COM180	11.12.2019 20:01:16	43811543,75 %	12,15	1,29 %	80 PPM	99 PPM	9	1	543 PPM	443 PPM	97 PPM	1	8	5	1	0	0	57,2631	0,4353	2,8456	2,3529	1,4103	38,0160	1,6326	0,1622	1,3028	4,0273	0,3417	1,3222	0,1876	0,6603	0,8129	1,0210	
COM181	11.12.2019 20:13:36	42867953,13 %	13,60	1,39 %	31 PPM	122 PPM	8	2	0,24 %	780 PPM	42 PPM	1	11	6	1	0	0	56,1158	0,4872	3,0572	0,9067	1,7351	34,4011	2,8060	0,7066	2,2942	1,7645	0,3007	1,8358	0,2100	0,6815	0,8584	1,1096	
COM182	11.12.2019 20:25:49	42464418,75 %	13,94	1,39 %	39 PPM	141 PPM	10	1	0,27 %	809 PPM	47 PPM	1	13	5	1	0	0	55,6251	0,4996	3,0677	1,1275	2,0058	41,7536	1,8396	0,8133	2,3779	1,9666	0,3461	2,2545	0,1971	0,7241	0,8219	1,0698	
COM183	11.12.2019 20:38:03	42634462,50 %	13,50	1,38 %	38 PPM	127 PPM	9	1	0,23 %	750 PPM	45 PPM	1	10	5	1	0	0	55,8318	0,4835	3,0470	1,0990	1,8132	40,0959	1,8725	0,7021	2,2042	1,8828	0,2347	1,7836	0,1929	0,7258	0,8207	1,0332	
COM184	11.12.2019 20:50:19	42970893,75 %	13,58	1,38 %	37 PPM	134 PPM	9	1	0,20 %	773 PPM	35 PPM	1	10	5	1	0	0	56,2409	0,4866	3,0488	1,0825	1,9188	39,7464	1,9437	0,6018	2,2719	1,4649	0,2763	1,6812	0,1905	0,7176	0,8702	1,0680	
COM185	11.12.2019 21:02:38	42052903,13 %	13,21	1,43 %	34 PPM	126 PPM	9	5	0,19 %	691 PPM	52 PPM	1	12	6	1	0	0	55,1247	0,4732	3,1614	0,9964	1,7984	39,5817	7,7955	0,5745	2,0326	2,1526	0,2443	2,1367	0,2023	0,7017	0,8568	1,0772	
COM186	11.12.2019 21:15:24	42111325,00 %	13,48	1,40 %	35 PPM	167 PPM	10	2	0,23 %	833 PPM	47 PPM	1	16	5	2	0	0	55,1957	0,4829	3,0870	1,0361	2,3885	42,0118	2,6709	0,6785	2,4492	1,9616	0,2729	2,8198	0,1887	0,8897	0,7398	0,9887	
COM187	11.12.2019 21:26:18	0 PPM	6,58	6,50 %	0,38 %	0,11 %	18	422	851 PPM	886 PPM	332 PPM	417	402	43	17	3	2	0,6490	0,2356	14,3304	110,0533	15,1695	78,1584	680,6278	0,2542	2,6045	13,8324	134,8695	69,4798	1,5759	8,6822	6,3273	4,9284	
COM188	11.12.2019 21:37:12	0 PPM	6,42	6,54 %	0,38 %	0,11 %	18	423	838 PPM	0,10 %	359 PPM	417	403	43	17	3	2	0,6030	0,2301	14,4020	110,7427	15,5327	78,3775	682,3140	0,2505	2,9552	14,9463	135,1241	69,6254	1,5716	8,8004	6,4153	5,0235	
COM189	11.12.2019 21:48:06	0 PPM	6,47	6,52 %	0,38 %	0,10 %	18	425	822 PPM	755 PPM	307 PPM	415	404	44	17	3	2	0,5829	0,2316	14,3751	109,8768	14,8180	78,2244	684,6032	0,2456	2,2190	12,7525	134,3060	69,6761	1,5844	8,8507	6,3285	4,9451	
COM190	11.12.2019 21:59:05	0 PPM	8,01	6,11 %	0,38 %	0,14 %	18	411	0,24 %	0,15 %	624 PPM	413	407	44	17	3	2	1,4911	0,2871	13,4621	111,4190	20,3991	76,0032	663,2439	0,7231	4,5437	25,9531	133,5581	70,3034	1,6071	8,8212	6,3574	4,9801	
COM191	11.12.2019 22:10:01	0 PPM	7,93	6,11 %	0,38 %	0,14 %	18	413	0,24 %	0,14 %	573 PPM	412	408	44	17	3	2	1,5627	0,2839	13,4595	110,7997	20,2675	76,0745	666,6300	0,7297	4,1941	23,8537	133,3307	70,4174	1,5957	8,9009	6,3578	4,9791	
COM192	11.12.2019 22:20:56	0 PPM	7,88	6,24 %	0,37 %	0,12 %	18	418	0,22 %	0,10 %	418 PPM	415	404	44	17	3	2	1,3231	0,2822	13,7392	109,4067	17,6048	76,9138	673,5972	0,6700	3,0087	17,4041	134,4341	69,7411	1,6010	8,8738	6,3326	4,9542	
COM193	12.12.2019 09:05:39	0 PPM	7,84	6,19 %	0,38 %	0,13 %	18	417	0,21 %	0,11 %	480 PPM	411	401	43	17	3	2	1,3709	0,2810	13,6309	110,5171	18,2499	76,5647	672,6157	0,6201	3,3159	19,9579	133,0403	69,3052	1,5780	8,7665	6,2954	4,9371	
COM194	12.12.2019 09:16:36	0 PPM	7,98	6,09 %	0,38 %	0,19 %	17	409	0,20 %	0,21 %	791 PPM	408	399	44	17	3	2	1,5073	0,2859	13,4070	110,0871	27,0401	75,2387	659,2285	0,6028	6,2667	32,8959	132,1618	68,9025	1,5843	8,7872	6,3907	5,0471	
COM195	12.12.2019 09:27:33	0 PPM	7,73	6,14 %	0,37 %	0,18 %	17	409	0,20 %	0,21 %	811 PPM	403	401	43	17	3	2	1,4438	0,2768	13,5338	107,9650	25,0797	75,6023	659,2495	0,6104	6,1835	33,7261	130,5012	69,3084	1,5724	8,8932	6,3184	5,0016	
COM196	12.12.2019 09:39:44	41126487,50 %	10,77	1,16 %	28 PPM	45 PPM	10	0	368 PPM	134 PPM	36 PPM	0	2	5	1	0	0	53,9982	0,3858	2,5559	0,8337	0,6400	43,8325	0,4089	0,1098	0,3932	1,5078	0,1467	0,2735	0,1694	0,4968	0,8169	1,0575	
COM197	12.12.2019 09:52:00	45091518,75 %	12,48	1,27 %	24 PPM	50 PPM	6	1	401 PPM	207 PPM	30 PPM	1	4	6	1	0	0	58,8195	0,4472	2,7882	0,7135	0,7092	25,4530	1,4836	0,1198	0,6077	1,2564	0,2045	0,6204	0,2251	0,7292	1,0025	1,1791	
COM198	12.12.2019 10:04:15	46084406,25 %	12,67	1,27 %	16 PPM	51 PPM	7	1	516 PPM	187 PPM	22 PPM	1	4	6	1	0	0	60,0268	0,4537	2,7923	0,4548	0,7214	31,8077	1,4934	0,1542	0,5490	0,9084	0,1927	0,6917	0,2134	0,6857	0,8817	1,1052	
COM199	12.12.2019 10:16:25	44350590,63 %	12,20	1,28 %	18 PPM	59 PPM	10	1	352 PPM	249 PPM	23 PPM	0	3	4	1	0	0	57,9186	0,4371	2,8303	0,5276	0,8442	44,4327	1,4927	0,1053	0,7326	0,9636	0,1540	0,5702	0,1620	0,7053	0,7440	0,9833	
COM200	12.12.2019 10:28:42	46799537,50 %	12,88	1,29 %	9 PPM	40 PPM	3	1	831 PPM	269 PPM	33 PPM	1	3	9	2	1	1	60,8964	0,4614	2,8394	0,2668	0,5750	11,5101	1,3017	0,2482	0,7908	1,3734	0,2072	0,4775	0,3093	0,8279	1,2330	1,4377	
COM201	12.12.2019 10:40:55	41000387,50 %	10,97	1,17 %	13 PPM	43 PPM	11	0	449 PPM	181 PPM	21 PPM	0	3	5	1	0	0	53,8449	0,3929	2,5784	0,3878	0,6117	45,6237	0,6717	0,1341	0,5319	0,8689	0,1480	0,5880	0,1700	0,5200	0,7961	1,0541	
COM202	12.12.2019 10:53:13	45238484,38 %	12,26	1,25 %	16 PPM	43 PPM	6	1	467 PPM	186 PPM	26 PPM	1	4	6	1	0	0	58,9982	0,4391	2,7635	0,4584	0,6178	27,8355	1,4281	0,1396	0,5471	1,0683	0,1903	0,7035	0,2229	0,7493	0,9718	1,1703	
COM203	12.12.2019 11:05:31	45487428,13 %	13,14	1,33 %	23 PPM	89 PPM	6	1	0,12 %	414 PPM	26 PPM	1	9	7	2	0	0	59,3009	0,4708	2,9225	0,6740	1,2689	27,3238	2,2135	0,3449	1,2188	1,0613	0,2631	1,4881	0,2404	1,0449	0,8810	1,1233	
COM204	12.12.2019 11:17:41	43532315,63 %	12,32	1,29 %	103 PPM	115 PPM	10	1	979 PPM	469 PPM	139 PPM	1	4	5	1	0	0	56,9236	0,4412	2,8336	3,0188	1,6407	43,8305	1,2151	0,2924	1,3787	5,7748	0,3479	0,7394	0,1654	0,5801	0,9258	1,0538	
COM205	12.12.2019 11:29:57	46869018,75 %	12,91	1,28 %	9 PPM	37 PPM	3	0	0,10 %	267 PPM	25 PPM	1	2	8	2	1	1	60,9809	0,4624	2,8252	0,2506	0,5217	11,9161	0,5840	0,3028	0,7856	1,0589	0,1862	0,3428	0,2995	0,7890	1,2151	1,4108	
COM206	12.12.2019 11:42:10	41021325,00 %	11,03	1,17 %	18 PPM	44 PPM	10	0	458 PPM	154 PPM	28 PPM	0	2	5	1	0	0	53,8703	0,3951	2,5727	0,5253	0,6256	43,1507	0,6155	0,1370	0,4540	1,1662	0,1515	0,4093	0,1704	0,5030	0,7782	1,0370	
COM207	12.12.2019 11:54:27	43591393,75 %	12,05	1,28 %	173 PPM	225 PPM	6	1	562 PPM	666 PPM	207 PPM	2	10	6	2	0	0	56,9954	0,4317	2,8117	5,0761	3,2127	24,6182	2,3242	0,1679	1,9588	8,6290	0,5332	1,7578	0,2298	0,9062	1,0175	1,1648	
COM208	12.12.2019 12:06:44	45378740,63 %	12,77	1,33 %	15 PPM	78 PPM	7	2	916 PPM	338 PPM	17 PPM	1	7	6	2	0	0	59,1688	0,4576	2,9263	0,4348	1,1153	31,0377	3,8249	0,2738	0,9953	0,7125	0,2317	1,2658	0,2272	0,8797	0,8574	1,1286	
COM209	12.12.2019 12:18:59	44328918,75 %	12,40	1,29 %	33 PPM	70 PPM	10	1	0,10 %	325 PPM	39 PPM	1	4	5	1	0	0	57,8922	0,4443	2,8360	0,9672	0,9989	42,1981	1,2026	0,3049	0,9549	1,6103	0,1834	0,6530	0,1691	0,5781	0,8325	1,0088	
COM210	12.12.2019 12:31:16	46601715,63 %	13,28	1,27 %	7 PPM	38 PPM	3	0	0,12 %	283 PPM	23 PPM	1	2	8	2	1	1	60,6558	0,4756	2,8065	0,2110	0,5470	12,2922	0,5521	0,3493	0,8313	0,9728	0,1899	0,4122	0,3039	0,8033	1,2213	1,4322	
COM211	12.12.2019 12:43:29	44077200,00 %	12,27	1,31 %	22 PPM	82 PPM	9	1	511 PPM	329 PPM	27 PPM	1	6	5	1	0	0	57,5861	0,4396	2,8810	0,6465	1,1647	40,1657	2,2389	0,1527	0,9665	1,1133	0,2060	0,9871	0,1845	0,6686	0,8081	1,0369	
COM212	12.12.2019 12:55:41	43798728,13 %	12,13	1,30 %	37 PPM	91 PPM	10	1	506 PPM	336 PPM	38 PPM	1	5	5	1	0	0	57,2475	0,4347	2,8575	1,0706	1,3044	42,4536	1,5045	0,1511	0,9885	1,5934	0,2150	0,8891	0,1829	0,7122	0,8154	1,0515	
COM213	12.12.2019 13:07:53	43754415,63 %	12,02	1,30 %	22 PPM	81 PPM	11	1	446 PPM	281 PPM	24 PPM	1	5	5	2	0	0	57,1937	0,4306	2,8551	0,6523	1,1537	45,8818	1,5155	0,1332	0,8267	1,0159	0,1878	0,9491	0,1756	1,2283	0,7854	1,0494	
COM214	12.12.2019 13:20:11	42541762,50 %	13,80	1,39 %	24 PPM	191 PPM	9	2	0,21 %	925 PPM	25 PPM	1	14	5	2	0	0	55,7191	0,4945	3,0644	0,6890	2,7244	37,0192	3,3908	0,6339	2,7206	1,0412	0,3265	2,4916	0,1950	0,9023	0,8409	1,1014	
COM215	12.12.2019 13:32:24	42233078,13 %	13,63	1,38 %	49 PPM	124 PPM	9	1	0,19 %	797 PPM	68 PPM	1	14	5	1	0	0	55,3438	0,4884	3,0480	1,4439	1,7768	41,0354	1,6119	0,5686	2,3445	2,8475	0,3179	2,4353	0,1886	0,6835	0,8111	1,0531	
COM216	12.12.2019 13:44:42	42125700,00 %	13,97	1,41 %	40 PPM	189 PPM	8	2	0,23 %	926 PPM	42 PPM	1	13	5	2	0	0	55,2132	0,5005	3,1070	1,1773	2,7022	36,8225	3,1240	0,6955	2,7230	1,7657	0,3469	2,2456	0,1865	0,9078	0,8268	1,0491	
COM217	12.12.2019 13:57:01	42999581,25 %	12,90	1,37 %	20 PPM	109 PPM	9	2	0,11 %	583 PPM	30 PPM	1	9	5	1	0	0	56,2758	0,4623	3,0156	0,5775	1,5572	39,9329	3,5793	0,3359	1,7147	1,2496	0,2028	1,4905	0,1846	0,6886	0,8106	1,0045	
COM218	12.12.2019 14:09:19	42274875,00 %	12,91	1,39 %	56 PPM	141 PPM	9	2	0,12 %	616 PPM	69 PPM	1	15	5	1	0	0	55,3946	0,4626	3,0728	1,6354	2,0168	40,0127	3,3990	0,3571	1,8129	2,8572	0,2531	2,6483	0,1845	0,7513	0,8115	1,0226	
COM219	12.12.2019 14:21:35	42295659,38 %	13,07	1,41 %	46 PPM	131 PPM	9	2	0,16 %	738 PPM	68 PPM	1	15	5	2	0	0	55,4199	0,4683	3,1097	1,3501	1,8710	38,0074	2,6165	0,4892	2,1696	2,8458	0,2839	2,6439	0,1984	0,8487	0,8844	1,0970	
COM220	12.12.2019 14:32:29	0 PPM	6,66	6,47 %	0,37 %	0,11 %	18	421	866 PPM	855 PPM	351 PPM	416	406	44	17	3	2	0,7105	0,2386	14,2598	109,5535	16,3525	78,0156	678,9202	0,2587	2,5146	14,6069	134,5900	70,1851	1,5858	9,0434	6,3900	4,9907	
COM221	12.12.2019 14:43:24	0 PPM	6,43	6,50 %	0,38 %	0,12 %	18	423	872 PPM	934 PPM	374 PPM	416	402	43	17	3	2	0,5920	0,2303	14,3200	109,8651	16,6110	78,2585	681,6802	0,2605	2,7462	15,5521	134,7482	69,3296	1,5764	8,8776	6,3569	5,0172	
COM222	12.12.2019 14:54:17	0 PPM	6,45	6,55 %	0,38 %	0,10 %	18	424	845 PPM	731 PPM	276 PPM	417	405	43	17	3	2	0,5818	0,2311	14,4341	110,1907	14,7044	78,7626	683,9596	0,2525	2,1502	11,4668	134,9815	69,9177	1,5721	9,0436	6,3505	5,0013	
COM223	12.12.2019 15:05:14	0 PPM	8,27	5,91 %	0,37 %	0,15 %	18	409	0,25 %	0,15 %	559 PPM	412	411	44	18	3	2	2,5892	0,2962	13,0209	107,6897	21,9318	75,9118	659,2418	0,7441	4,3021	23,2628	133,5210	71,0102	1,6010	9,4780	6,3942	5,0262	
COM224	12.12.2019 15:16:08	0 PPM	7,78	6,11 %	0,37 %	0,15 %	18	414	0,22 %	0,14 %	585 PPM	412	402	43	17	3	2	1,6921	0,2789	13,4647	108,8372	21,8024	76,1274	668,1978	0,6498	4,0337	24,3199	133,4811	69,4677	1,5648	8,7913	6,3555	5,0131	
COM225	12.12.2019 15:27:07	0 PPM	8,00	6,12 %	0,37 %	0,14 %	18	416	0,22 %	0,12 %	445 PPM	414	406	44	17	3	2	1,8442	0,2866	13,4738	107,8713	20,3075	76,7317	671,3690	0,6454	3,6260	18,5198	133,9925	70,1143	1,5848	9,0362	6,3436	4,9935	
COM226	12.12.2019 15:38:04	0 PPM	7,58	6,23 %	0,37 %	0,14 %	18	411	0,19 %	0,14 %	608 PPM	406	400	43	17	3	2	1,3132	0,2716	13,7181	108,1191	20,6426	76,2024	662,8562	0,5794	4,1113	25,2798	131,4416	69,1260	1,5682	8,7867	6,2780	4,9097	
COM227	12.12.2019 15:49:15	0 PPM	7,91	6,16 %	0,37 %	0,14 %	18	416	0,23 %	0,12 %	498 PPM	414	412	44	17	3	2	1,7051	0,2835	13,5794	109,3386	19,4801	76,6064	670,1082	0,6960	3,5264	20,7149	133,9254	71,1113	1,5891	9,0241	6,3251	4,9935	
COM228	12.12.2019 16:00:09	0 PPM	7,61	6,18 %	0,37 %	0,14 %	18	415	0,21 %	0,12 %	463 PPM	414	409	44	17	3	2	1,4913	0,2726	13,6127	108,1988	19,4374	76,4806	668,7554	0,6251	3,3972	19,2569	134,0296	70,6975	1,5833	9,0562	6,4309	5,0447	
COM229	12.12.2019 16:12:21	44263712,50 %	12,10	1,31 %	21 PPM	62 PPM	9	1	445 PPM	299 PPM	38 PPM	1	6	5	1	0	0	57,8129	0,4335	2,8801	0,6138	0,8851	41,0738	1,5842	0,1331	0,8794	1,5701	0,1736	0,9700	0,1818	0,6144	0,7897	1,0296	
COM230	12.12.2019 16:24:31	44623293,75 %	12,00	1,28 %	12 PPM	61 PPM	10	1	446 PPM	281 PPM	19 PPM	1	4	5	1	0	0	58,2502	0,4300	2,8259	0,3498	0,8643	43,6564	0,9203	0,1332	0,8272	0,8112	0,1619	0,7592	0,1750	0,5776	0,8654	1,0166	
COM231	12.12.2019 16:36:43	44563053,13 %	12,34	1,30 %	11 PPM	62 PPM	10	1	434 PPM	275 PPM	17 PPM	0	4	5	3	0	0	58,1769	0,4419	2,8592	0,3256	0,8829	42,8751	1,1888	0,1298	0,8091	0,6948	0,1575	0,6898	0,1815	1,3409	0,7590	0,9929	
COM232	12.12.2019 16:48:56	41967275,00 %	13,34	1,43 %	39 PPM	122 PPM	10	3	0,14 %	778 PPM	48 PPM	1	13	5	1	0	0	55,0206	0,4781	3,1421	1,1529	1,7369	41,3064	5,0425	0,4219	2,2895	1,9942	0,2502	2,1953	0,1811	0,6914	0,7986	1,0456	
COM233	12.12.2019 17:01:12	43072250,00 %	13,14	1,37 %	39 PPM	111 PPM	10	1	0,14 %	0,11 %	34 PPM	1	22	5	2	0	0	56,3642	0,4707	3,0088	1,1454	1,5907	43,3370	2,0445	0,4061	3,2406	1,4262	0,2507	3,8027	0,1786	0,8403	0,7502	1,0141	
COM234	12.12.2019 17:13:27	42468703,13 %	13,44	1,41 %	26 PPM	149 PPM	9	1	0,17 %	0,12 %	26 PPM	1	16	5	2	0	0	55,6303	0,4814	3,1135	0,7654	2,1222	40,3044	1,9341	0,5129	3,4316	1,0938	0,2470	2,7526	0,1772	0,8309	0,8112	1,0201	
COM235	12.12.2019 17:25:42	43560918,75 %	12,99	1,38 %	31 PPM	105 PPM	9	2	0,12 %	550 PPM	34 PPM	1	8	5	1	0	0	56,9584	0,4654	3,0313	0,9116	1,4929	38,9648	3,3412	0,3659	1,6167	1,4278	0,2460	1,3342	0,1903	0,6749	0,8221	1,0608	
COM236	12.12.2019 17:37:56	42928450,00 %	12,89	1,36 %	66 PPM	117 PPM	9	1	0,13 %	632 PPM	60 PPM	1	9	5	1	0	0	56,1893	0,4619	2,9935	1,9288	1,6673	40,2679	1,7205	0,3907	1,8576	2,4808	0,2865	1,6018	0,1784	0,6162	0,7957	1,0478	
COM237	12.12.2019 17:50:07	43235009,38 %	13,01	1,36 %	35 PPM	96 PPM	10	1	0,12 %	578 PPM	32 PPM	1	7	5	1	0	0	56,5621	0,4660	2,9919	1,0189	1,3667	41,7111	1,7785	0,3665	1,6996	1,3326	0,2119	1,2549	0,1718	0,5933	0,7976	1,0205	
COM238	12.12.2019 18:01:00	0 PPM	6,62	6,56 %	0,37 %	0,10 %	18	424	798 PPM	771 PPM	340 PPM	412	399	44	17	3	2	0,5323	0,2373	14,4584	108,5202	14,9289	78,4175	683,6637	0,2383	2,2688	14,1591	133,4378	68,8867	1,5873	8,7822	6,3378	4,9833	
COM239	12.12.2019 18:11:53	0 PPM	6,47	6,47 %	0,37 %	0,11 %	18	419	848 PPM	986 PPM	469 PPM	409	396	43	17	3	2	0,7777	0,2318	14,2625	108,8923	16,2246	77,7983	676,4467	0,2533	2,9001	19,5077	132,2871	68,4159	1,5649	8,6609	6,2712	4,9500	
COM240	12.12.2019 18:22:44	0 PPM	6,54	6,55 %	0,37 %	0,11 %	18	424	878 PPM	796 PPM	298 PPM	413	401	43	17	3	2	0,5723	0,2343	14,4319	108,4008	15,0191	78,3481	683,0771	0,2624	2,3415	12,3786	133,6968	69,2588	1,5822	8,9594	6,3248	4,9370	
COM241	12.12.2019 18:33:44	0 PPM	7,87	6,19 %	0,37 %	0,15 %	18	410	0,19 %	0,13 %	616 PPM	407	396	43	17	3	2	1,3573	0,2818	13,6423	107,4498	21,1819	76,0436	661,7157	0,5703	3,8470	25,6245	131,6954	68,3946	1,5690	8,7123	6,2703	4,9675	
COM242	12.12.2019 18:44:37	0 PPM	7,12	6,27 %	0,37 %	0,14 %	18	417	0,15 %	0,10 %	481 PPM	412	399	43	17	3	2	1,0599	0,2551	13,8047	108,6078	19,6983	76,8942	672,4592	0,4551	3,0258	20,0000	133,4183	68,8177	1,5663	8,7116	6,2688	4,9161	
COM243	12.12.2019 18:55:31	0 PPM	7,56	6,27 %	0,36 %	0,13 %	18	417	0,19 %	0,12 %	351 PPM	410	400	43	17	3	2	1,3545	0,2710	13,8234	105,9709	17,9263	76,7869	671,7454	0,5699	3,4758	14,5944	132,8558	69,0196	1,5643	8,7391	6,2600	4,8745	
COM244	12.12.2019 19:06:25	0 PPM	7,32	6,32 %	0,37 %	0,15 %	18	415	0,15 %	0,12 %	578 PPM	407	394	43	17	3	2	1,0356	0,2622	13,9164	107,0735	20,8467	76,6290	669,7432	0,4481	3,6196	24,0340	131,7258	68,0920	1,5594	8,6714	6,2342	4,9292	
COM245	12.12.2019 19:17:17	0 PPM	7,31	6,39 %	0,37 %	0,11 %	18	422	0,15 %	789 PPM	270 PPM	416	403	43	17	3	2	1,0602	0,2617	14,0775	108,5409	15,5795	77,8144	680,7832	0,4518	2,3201	11,2385	134,7740	69,5876	1,5817	8,7415	6,2707	4,9221	
COM246	12.12.2019 19:28:12	0 PPM	7,22	6,33 %	0,37 %	0,13 %	18	417	0,16 %	0,11 %	424 PPM	409	397	43	17	3	2	1,0659	0,2585	13,9410	106,9257	17,8767	76,8001	672,3615	0,4843	3,2135	17,6334	132,3748	68,5882	1,5577	8,7066	6,2353	4,9195	
COM247	12.12.2019 19:40:26	40890115,63 %	11,53	1,18 %	16 PPM	49 PPM	9	1	717 PPM	338 PPM	23 PPM	1	3	5	1	0	0	53,7108	0,4130	2,5993	0,4692	0,7024	40,1238	1,3732	0,2141	0,9940	0,9690	0,2021	0,5623	0,1782	0,5094	0,8264	1,0800	
COM248	12.12.2019 21:05:31	40878718,75 %	11,74	1,20 %	38 PPM	63 PPM	10	0	814 PPM	353 PPM	43 PPM	1	4	5	1	0	0	53,6969	0,4205	2,6375	1,1203	0,8968	43,7495	0,8019	0,2433	1,0382	1,8055	0,2663	0,6874	0,1767	0,5421	0,8306	1,0541	
COM249	12.12.2019 21:18:30	41635518,75 %	11,21	1,16 %	9 PPM	34 PPM	10	0	377 PPM	95 PPM	17 PPM	0	1	5	1	0	0	54,6172	0,4016	2,5616	0,2574	0,4803	41,8003	0,5913	0,1127	0,2808	0,7209	0,1240	0,2570	0,1707	0,4763	0,8105	1,0157	
COM250	12.12.2019 21:30:48	45514643,75 %	12,84	1,29 %	22 PPM	46 PPM	6	1	713 PPM	288 PPM	22 PPM	1	4	6	1	0	0	59,3340	0,4598	2,8445	0,6500	0,6572	26,0121	1,9775	0,2130	0,8457	0,9197	0,2242	0,7142	0,2285	0,6904	0,9624	1,1731	
COM251	12.12.2019 21:43:07	45484625,00 %	12,59	1,27 %	46 PPM	49 PPM	6	1	634 PPM	282 PPM	55 PPM	1	4	6	1	0	0	59,2975	0,4511	2,8006	1,3462	0,6959	26,5906	1,1165	0,1895	0,8295	2,2977	0,2237	0,6784	0,2311	0,7019	1,0055	1,2325	
COM252	12.12.2019 21:55:27	44980546,88 %	12,14	1,27 %	96 PPM	96 PPM	6	2	394 PPM	307 PPM	122 PPM	1	3	6	1	0	0	58,6846	0,4349	2,7872	2,7972	1,3746	25,5941	2,5941	0,1176	0,9014	5,0889	0,3039	0,4942	0,2256	0,7155	1,0370	1,2155	
COM253	12.12.2019 22:07:44	46577687,50 %	12,71	1,27 %	13 PPM	41 PPM	8	1	531 PPM	159 PPM	16 PPM	1	3	6	1	0	0	60,6266	0,4553	2,7988	0,3912	0,5880	32,5267	1,0504	0,1585	0,4663	0,6491	0,1686	0,5467	0,2055	0,6193	0,8930	1,1435	
COM254	12.12.2019 22:20:01	46651037,50 %	12,46	1,26 %	11 PPM	38 PPM	8	0	505 PPM	141 PPM	17 PPM	1	3	5	1	0	0	60,7158	0,4465	2,7818	0,3168	0,5358	32,9524	0,7330	0,1508	0,4155	0,7012	0,1657	0,5643	0,1991	0,5987	0,9367	1,1282	
COM255	12.12.2019 22:32:18	46275390,63 %	12,65	1,29 %	12 PPM	51 PPM	7	2	485 PPM	167 PPM	16 PPM	1	3	6	1	0	0	60,2590	0,4533	2,8504	0,3602	0,7307	31,6320	2,7966	0,1449	0,4916	0,6613	0,1727	0,5322	0,2069	0,6381	0,9257	1,1311	
COM256	12.12.2019 22:44:30	44491000,00 %	12,64	1,29 %	21 PPM	62 PPM	10	1	934 PPM	326 PPM	25 PPM	1	3	5	1	0	0	58,0893	0,4527	2,8490	0,6254	0,8901	43,9319	0,9081	0,2791	0,9598	1,0578	0,1823	0,5421	0,1721	0,5061	0,8104	1,0444	
COM257	12.12.2019 19:52:42	44850278,13 %	12,25	1,28 %	22 PPM	52 PPM	9	1	704 PPM	258 PPM	22 PPM	1	2	5	1	0	0	58,5262	0,4389	2,8174	0,6425	0,7358	40,6663	0,9752	0,2105	0,7578	0,9316	0,1830	0,3658	0,1718	0,4759	0,8278	1,0130	
COM258	12.12.2019 20:05:36	43806090,63 %	11,93	1,42 %	43 PPM	45 PPM	9	11	320 PPM	151 PPM	18 PPM	0	2	5	1	0	0	57,2565	0,4275	3,1336	1,2496	0,6448	40,2245	17,6978	0,0957	0,4440	0,7516	0,1565	0,3496	0,1745	0,6436	0,7552	0,9992	
COM259	12.12.2019 20:17:54	45228071,88 %	16,03	1,36 %	18 PPM	91 PPM	3	1	0,34 %	515 PPM	22 PPM	1	4	9	2	1	1	58,9855	0,5743	2,9945	0,5399	1,2975	11,8474	1,9542	1,0240	1,5157	0,9186	0,2564	0,7734	0,3109	0,8246	1,3731	1,4782	
COM260	12.12.2019 20:30:10	45752165,63 %	15,43	1,35 %	12 PPM	84 PPM	2	1	0,33 %	470 PPM	24 PPM	1	4	9	1	1	1	59,6228	0,5529	2,9660	0,3601	1,1960	10,3244	1,0113	0,9890	1,3821	0,9893	0,2167	0,6814	0,3119	0,7741	1,2380	1,4149	
COM261	12.12.2019 20:42:25	46770003,13 %	13,22	1,33 %	16 PPM	40 PPM	3	3	905 PPM	307 PPM	20 PPM	1	3	8	2	1	1	60,8605	0,4736	2,9411	0,4625	0,5692	12,6244	4,8650	0,2705	0,9020	0,8407	0,2059	0,5007	0,3038	0,8058	1,2854	1,4159	
COM262	12.12.2019 20:53:20	0 PPM	6,37	6,50 %	0,37 %	0,11 %	18	416	822 PPM	0,10 %	564 PPM	404	398	43	17	3	2	0,5620	0,2281	14,3300	108,2505	16,0646	77,0882	670,1505	0,2456	3,0470	23,4545	130,7121	68,7504	1,5498	8,6098	6,3076	4,9486	
COM263	13.12.2019 09:44:03	0 PPM	6,40	6,57 %	0,37 %	997 PPM	18	423	781 PPM	677 PPM	317 PPM	410	397	43	17	3	2	0,5833	0,2293	14,4772	107,4445	14,2333	78,3860	681,6980	0,2334	1,9906	13,1717	132,6706	68,6310	1,5618	8,7197	6,2865	4,9325	
COM264	13.12.2019 09:54:56	0 PPM	6,46	6,59 %	0,37 %	939 PPM	18	426	748 PPM	527 PPM	196 PPM	416	400	43	17	3	2	0,5118	0,2315	14,5169	108,6895	13,4047	78,5211	686,4393	0,2234	1,5512	8,1668	134,7658	69,0309	1,5573	8,8855	6,2363	4,8768	
COM265	13.12.2019 10:05:51	0 PPM	7,42	6,28 %	0,36 %	0,13 %	18	416	0,15 %	0,10 %	460 PPM	405	397	42	17	3	2	1,4471	0,2657	13,8305	106,3435	17,9968	76,4574	670,8621	0,4332	2,9610	19,1185	131,2274	68,5082	1,5436	8,6596	6,2409	4,9013	
COM266	13.12.2019 10:17:23	0 PPM	7,16	6,35 %	0,37 %	0,14 %	18	417	0,15 %	0,11 %	593 PPM	405	394	43	17	3	2	0,9860	0,2565	13,9828	107,7063	19,8635	76,8866	672,0864	0,4482	3,2922	24,6571	131,0477	68,0174	1,5578	8,5946	6,2562	4,9239	
COM267	13.12.2019 10:28:16	0 PPM	7,24	6,37 %	0,37 %	0,14 %	18	418	0,15 %	0,10 %	493 PPM	407	395	43	17	3	2	1,0740	0,2592	14,0392	107,0062	19,3969	77,0092	674,0313	0,4395	2,9823	20,5250	131,7381	68,2017	1,5649	8,6662	6,2846	4,9179	
COM268	13.12.2019 10:39:08	0 PPM	7,18	6,37 %	0,38 %	0,12 %	18	419	0,14 %	852 PPM	434 PPM	411	398	43	17	3	2	1,0075	0,2571	14,0394	109,8152	17,1150	77,3033	676,1968	0,4151	2,5050	18,0609	133,1911	68,8096	1,5614	8,5950	6,2976	4,9146	
COM269	13.12.2019 10:50:00	0 PPM	7,26	6,38 %	0,37 %	0,13 %	18	419	0,15 %	0,10 %	500 PPM	408	396	43	17	3	2	1,0103	0,2599	14,0636	107,9991	17,9634	77,3091	676,1556	0,4465	3,0548	20,8107	131,9834	68,4457	1,5805	8,7397	6,2650	4,9165	
COM270	13.12.2019 11:00:51	0 PPM	7,08	6,37 %	0,37 %	0,13 %	18	421	0,13 %	0,10 %	467 PPM	414	399	43	17	3	2	0,9461	0,2535	14,0261	109,2622	18,1639	77,5387	678,3750	0,3824	2,9570	19,4462	133,8924	68,8112	1,5765	8,9852	6,3033	4,9409	
COM271	13.12.2019 11:13:05	44384390,63 %	12,01	1,30 %	21 PPM	61 PPM	10	2	544 PPM	301 PPM	26 PPM	1	3	5	1	0	0	57,9597	0,4303	2,8697	0,6161	0,8710	44,1467	2,7673	0,1626	0,8857	1,0752	0,2244	0,5989	0,1760	0,5677	0,8109	1,0465	
COM272	13.12.2019 11:25:20	44311046,88 %	12,14	1,30 %	64 PPM	95 PPM	9	1	428 PPM	354 PPM	70 PPM	1	4	5	1	0	0	57,8705	0,4348	2,8688	1,8842	1,3506	40,5251	1,3003	0,1278	1,0410	2,9223	0,2289	0,6903	0,1840	0,5960	0,8497	1,0541	
COM273	13.12.2019 11:37:31	44139087,50 %	12,12	1,29 %	46 PPM	59 PPM	10	1	414 PPM	284 PPM	52 PPM	1	5	5	1	0	0	57,6614	0,4340	2,8531	1,3495	0,8451	43,7394	1,8780	0,1237	0,8358	2,1807	0,1986	0,9238	0,1806	0,6059	0,8344	1,0363	
COM274	13.12.2019 11:49:46	42996618,75 %	12,74	1,35 %	79 PPM	104 PPM	9	1	0,11 %	673 PPM	69 PPM	1	12	5	1	0	0	56,2722	0,4563	2,9801	2,3023	1,4815	39,3065	1,8705	0,3426	1,9786	2,8722	0,2600	2,1550	0,1781	0,6383	0,8844	1,0677	
COM275	13.12.2019 12:01:58	43559871,88 %	12,97	1,35 %	36 PPM	98 PPM	10	1	0,12 %	553 PPM	33 PPM	1	7	5	1	0	0	56,9571	0,4645	2,9806	1,0639	1,4047	42,0567	1,6092	0,3598	1,6268	1,3627	0,2449	1,1312	0,1849	0,6042	0,8417	1,0552	
COM276	13.12.2019 12:14:11	42963968,75 %	13,18	1,36 %	47 PPM	107 PPM	10	1	0,13 %	580 PPM	41 PPM	1	8	5	1	0	0	56,2325	0,4722	2,9912	1,3800	1,5307	41,7361	1,7851	0,3794	1,7044	1,7210	0,2194	1,3450	0,1805	0,6002	0,7983	1,0048	
COM277	13.12.2019 12:26:23	43466312,50 %	13,14	1,35 %	20 PPM	92 PPM	9	1	0,12 %	529 PPM	23 PPM	1	7	5	1	0	0	56,8433	0,4708	2,9707	0,5734	1,3081	40,3698	2,1214	0,3530	1,5552	0,9447	0,1961	1,1904	0,1795	0,6032	0,7996	1,0234	
COM278	13.12.2019 12:38:40	43412418,75 %	12,80	1,32 %	140 PPM	123 PPM	8	1	0,12 %	621 PPM	137 PPM	1	10	5	1	0	0	56,7778	0,4584	2,9119	4,0888	1,7573	34,8613	1,1509	0,3602	1,8252	5,7019	0,3142	1,6947	0,1952	0,5948	0,8698	1,1089	
COM279	13.12.2019 12:51:01	42709587,50 %	12,87	1,35 %	141 PPM	140 PPM	8	1	0,13 %	760 PPM	129 PPM	1	12	5	1	0	0	55,9232	0,4611	2,9847	4,1131	1,9948	34,5534	1,9007	0,3768	2,2359	5,3470	0,2938	2,0341	0,1962	0,6553	0,8510	1,0967	
COM280	13.12.2019 13:03:14	41079053,13 %	11,10	1,16 %	11 PPM	45 PPM	11	0	408 PPM	144 PPM	17 PPM	0	2	4	1	0	0	53,9405	0,3977	2,5488	0,3135	0,6409	46,3319	0,5168	0,1220	0,4235	0,7179	0,1371	0,2982	0,1611	0,5350	0,8022	1,0522	
COM281	13.12.2019 13:15:38	40042175,00 %	11,80	1,23 %	33 PPM	78 PPM	11	1	0,10 %	442 PPM	41 PPM	1	6	5	1	0	0	52,6797	0,4228	2,7115	0,9663	1,1146	46,2314	1,2284	0,3068	1,2989	1,7245	0,2622	1,0195	0,1699	0,5644	0,7979	1,0582	
COM282	13.12.2019 13:27:52	40289390,63 %	11,67	1,24 %	30 PPM	75 PPM	10	1	671 PPM	422 PPM	42 PPM	1	5	5	1	0	0	52,9803	0,4182	2,7342	0,8687	1,0740	43,4202	1,8171	0,2005	1,2396	1,7655	0,2029	0,8291	0,1788	0,5719	0,8229	1,0775	
COM283	13.12.2019 13:40:10	45114793,75 %	11,98	1,26 %	26 PPM	46 PPM	7	0	392 PPM	154 PPM	50 PPM	1	4	6	1	0	0	58,8478	0,4293	2,7679	0,7691	0,6555	29,8083	0,6029	0,1172	0,4523	2,0859	0,1775	0,6415	0,2098	0,6278	0,9444	1,1904	
COM284	13.12.2019 13:53:00	45219896,88 %	12,17	1,27 %	33 PPM	53 PPM	6	0	530 PPM	239 PPM	43 PPM	1	4	6	1	0	0	58,9756	0,4359	2,7897	0,9647	0,7617	28,0822	0,7068	0,1582	0,7028	1,7792	0,2168	0,6714	0,2198	0,6186	0,9828	1,1668	
COM285	13.12.2019 14:05:17	44986265,63 %	12,08	1,28 %	34 PPM	54 PPM	6	0	618 PPM	250 PPM	55 PPM	1	4	6	1	0	0	58,6915	0,4327	2,8112	1,0087	0,7779	27,9388	0,7049	0,1847	0,7363	2,2735	0,2043	0,6823	0,2237	0,6291	0,9438	1,1704	
COM286	13.12.2019 14:17:35	46763962,50 %	12,55	1,26 %	12 PPM	43 PPM	6	1	483 PPM	248 PPM	21 PPM	1	2	6	1	0	0	60,8531	0,4495	2,7713	0,3648	0,6088	26,2698	0,8881	0,1442	0,7285	0,8927	0,1697	0,3741	0,2186	0,6262	0,9484	1,1997	
COM287	13.12.2019 14:29:56	46370037,50 %	12,53	1,26 %	11 PPM	47 PPM	7	1	523 PPM	161 PPM	16 PPM	1	4	6	1	0	0	60,3741	0,4490	2,7675	0,3274	0,6729	30,7132	0,8744	0,1563	0,4743	0,6811	0,1668	0,7342	0,2041	0,6154	0,9240	1,1100	
COM288	13.12.2019 14:42:13	46381740,63 %	12,59	1,27 %	15 PPM	44 PPM	7	1	526 PPM	163 PPM	19 PPM	1	3	5	1	0	0	60,3884	0,4512	2,7969	0,4375	0,6270	31,1865	0,8855	0,1571	0,4793	0,7829	0,1660	0,5659	0,1979	0,5744	0,8928	1,0776	
COM289	13.12.2019 14:54:28	45668100,00 %	12,26	1,26 %	10 PPM	46 PPM	9	1	363 PPM	165 PPM	20 PPM	0	2	5	1	0	0	59,5206	0,4392	2,7837	0,2872	0,6528	37,9552	1,6856	0,1084	0,4859	0,8304	0,1429	0,3785	0,1891	0,6979	0,7816	1,0467	
COM290	13.12.2019 15:06:45	44447490,63 %	13,07	1,30 %	65 PPM	85 PPM	8	1	0,11 %	382 PPM	65 PPM	1	6	5	1	0	0	58,0364	0,4683	2,8600	1,8927	1,2170	35,9310	1,2960	0,3225	1,1236	2,7166	0,2261	1,0246	0,1955	0,6160	0,8656	1,0776	
COM291	13.12.2019 15:19:03	44991925,00 %	13,94	1,32 %	14 PPM	76 PPM	8	1	0,12 %	418 PPM	26 PPM	1	5	6	1	0	0	58,6984	0,4995	2,9000	0,4235	1,0869	33,3326	1,0465	0,3464	1,2281	1,0706	0,2175	0,8862	0,2041	0,5924	0,8581	1,1053	
COM292	13.12.2019 15:31:21	46652281,25 %	12,58	1,27 %	6 PPM	26 PPM	3	2	633 PPM	279 PPM	20 PPM	1	2	8	1	1	1	60,7173	0,4505	2,7995	0,1754	0,3752	11,6324	3,9287	0,1890	0,8196	0,8390	0,1835	0,2637	0,3081	0,7694	1,2294	1,4124	
COM293	13.12.2019 15:43:40	46371706,25 %	13,90	1,29 %	8 PPM	55 PPM	3	0	0,19 %	400 PPM	23 PPM	1	3	9	2	1	1	60,3762	0,4979	2,8393	0,2296	0,7908	11,4483	0,5942	0,5546	1,1755	0,9740	0,1916	0,5551	0,3110	0,7814	1,2377	1,4346	
COM294	13.12.2019 15:55:56	46637818,75 %	13,95	1,29 %	6 PPM	45 PPM	3	0	0,16 %	361 PPM	21 PPM	1	3	9	1	1	1	60,6997	0,4997	2,8503	0,1854	0,6432	11,2923	0,4190	0,4700	1,0604	0,8556	0,1995	0,4621	0,3095	0,7792	1,2457	1,4250	
COM295	13.12.2019 16:06:53	0 PPM	6,53	6,53 %	0,37 %	0,12 %	18	421	780 PPM	0,11 %	375 PPM	415	398	43	17	3	2	0,5784	0,2340	14,3869	109,1682	17,1967	78,0938	679,5168	0,2331	3,1987	15,6026	134,2762	68,7955	1,5668	8,7681	6,3267	4,9824	
COM296	13.12.2019 16:17:46	0 PPM	6,44	6,53 %	0,37 %	0,11 %	18	421	757 PPM	0,10 %	375 PPM	414	398	43	17	3	2	0,5908	0,2307	14,3956	109,7059	16,2854	78,0672	679,5295	0,2262	2,9892	15,5837	134,1270	68,7167	1,5622	8,6340	6,2961	4,9267	
COM297	13.12.2019 16:28:39	0 PPM	6,36	6,55 %	0,37 %	0,11 %	18	423	750 PPM	876 PPM	325 PPM	414	398	43	17	3	2	0,5281	0,2280	14,4236	109,1009	15,4975	78,2178	681,8777	0,2241	2,5774	13,5335	133,8712	68,7131	1,5744	8,6835	6,3184	4,9552	
COM298	13.12.2019 16:39:34	0 PPM	7,60	6,24 %	0,37 %	0,12 %	18	417	0,17 %	0,11 %	494 PPM	410	401	43	17	3	2	1,5067	0,2724	13,7539	108,5129	17,1070	76,5695	671,9783	0,5036	3,1485	20,5317	132,6218	69,1825	1,5627	8,8134	6,2193	4,8887	
COM299	13.12.2019 16:50:24	0 PPM	7,24	6,29 %	0,38 %	0,12 %	18	419	0,15 %	847 PPM	416 PPM	415	401	43	17	3	2	1,2211	0,2592	13,8659	109,8619	16,5874	77,3320	675,4296	0,4516	2,4918	17,2961	134,2905	69,2810	1,5794	8,7325	6,3052	4,9539	
COM300	13.12.2019 17:01:17	0 PPM	7,08	6,29 %	0,37 %	0,11 %	18	420	0,15 %	845 PPM	355 PPM	414	402	43	17	3	2	1,2032	0,2537	13,8679	109,1237	16,3895	77,2573	676,8046	0,4346	2,4840	14,7831	134,1064	69,4633	1,5723	8,7475	6,2827	4,9637	
COM301	13.12.2019 17:12:11	0 PPM	7,51	6,20 %	0,37 %	0,13 %	18	417	0,15 %	0,10 %	483 PPM	412	401	44	17	3	2	1,4268	0,2690	13,6505	108,9884	18,1593	76,8106	671,6472	0,4473	3,0396	20,0926	133,3669	69,2744	1,5831	8,7701	6,2611	4,9289	
COM302	13.12.2019 17:23:04	0 PPM	7,63	6,21 %	0,37 %	0,12 %	18	417	0,18 %	0,10 %	457 PPM	413	403	43	17	3	2	1,3924	0,2733	13,6733	109,1866	17,7815	76,7394	672,3770	0,5523	3,0192	19,0212	133,5523	69,5505	1,5726	8,6812	6,2480	4,8821	
COM303	13.12.2019 17:34:00	0 PPM	7,47	6,32 %	0,38 %	0,12 %	18	419	0,14 %	0,10 %	477 PPM	413	401	43	17	3	2	1,1669	0,2677	13,9133	110,1666	17,3530	76,9264	676,1817	0,4212	3,0629	19,8257	133,7594	69,2529	1,5803	8,7600	6,2854	4,8859	
COM304	13.12.2019 17:46:13	45267540,63 %	12,57	1,28 %	12 PPM	65 PPM	9	1	513 PPM	252 PPM	25 PPM	1	4	5	1	0	0	59,0335	0,4503	2,8233	0,3623	0,9215	37,8234	1,9977	0,1533	0,7405	1,0381	0,2025	0,6395	0,1959	0,6474	0,9738	1,1047	
COM305	13.12.2019 17:58:48	45541446,88 %	12,59	1,27 %	7 PPM	49 PPM	8	1	428 PPM	217 PPM	20 PPM	0	3	5	1	0	0	59,3666	0,4511	2,7878	0,2167	0,7063	34,8414	1,1717	0,1280	0,6396	0,8346	0,1577	0,5725	0,1926	0,6059	0,8560	1,0835	
COM306	13.12.2019 18:11:03	45323756,25 %	12,70	1,27 %	12 PPM	56 PPM	8	1	452 PPM	261 PPM	26 PPM	1	3	5	1	0	0	59,1019	0,4548	2,8056	0,3400	0,7959	36,6540	1,3272	0,1351	0,7676	1,0624	0,1806	0,5582	0,1964	0,6307	0,8879	1,0940	
COM307	13.12.2019 18:23:19	43513803,13 %	14,71	1,40 %	18 PPM	131 PPM	8	1	0,18 %	775 PPM	27 PPM	1	10	5	1	0	0	56,9011	0,5270	3,0738	0,5254	1,8766	35,3227	2,3564	0,5324	2,2789	1,1091	0,2885	1,7887	0,1959	0,7053	0,9191	1,0974	
COM308	13.12.2019 18:35:37	44285968,75 %	13,59	1,34 %	18 PPM	111 PPM	8	1	0,16 %	650 PPM	27 PPM	1	9	6	1	0	0	57,8400	0,4869	2,9546	0,5270	1,5818	35,4361	1,8617	0,4670	1,9110	1,1258	0,2895	1,6001	0,2045	0,7246	0,9207	1,1142	
COM309	13.12.2019 18:47:54	43322553,13 %	13,38	1,37 %	25 PPM	120 PPM	8	1	0,16 %	664 PPM	53 PPM	1	11	5	1	0	0	56,6685	0,4794	3,0282	0,7247	1,7080	35,4881	2,1829	0,4640	1,9527	2,2193	0,2311	1,9138	0,1999	0,6756	0,8870	1,0985	
COM310	13.12.2019 19:00:41	43586987,50 %	14,46	1,39 %	19 PPM	125 PPM	8	1	0,17 %	721 PPM	27 PPM	1	10	6	1	0	0	56,9901	0,5179	3,0597	0,5613	1,7794	36,7087	2,3988	0,5071	2,1210	1,1045	0,3110	1,7734	0,2055	0,7172	0,8764	1,1146	
COM311	13.12.2019 19:13:04	43346565,63 %	15,13	1,40 %	27 PPM	130 PPM	7	1	0,19 %	0,11 %	31 PPM	1	9	6	1	0	0	56,6977	0,5420	3,0742	0,7843	1,8544	31,5597	2,2308	0,5670	3,1247	1,2981	0,3071	1,6009	0,2113	0,6605	0,8974	1,1494	
COM312	13.12.2019 19:25:20	42322468,75 %	14,34	1,40 %	39 PPM	125 PPM	8	2	0,16 %	741 PPM	83 PPM	1	13	6	1	0	0	55,4525	0,5136	3,0875	1,1357	1,7837	34,6600	2,7461	0,4916	2,1802	3,4391	0,3145	2,2528	0,2092	0,6148	0,8641	1,1068	
COM313	13.12.2019 19:37:32	41004812,50 %	11,16	1,17 %	15 PPM	44 PPM	10	0	408 PPM	147 PPM	26 PPM	1	2	5	1	0	0	53,8503	0,3998	2,5752	0,4262	0,6325	44,1114	0,5879	0,1220	0,4324	1,0628	0,1783	0,2904	0,1676	0,4945	0,8393	1,0161	
COM314	13.12.2019 19:49:46	39722165,63 %	11,72	1,25 %	36 PPM	105 PPM	10	1	0,10 %	577 PPM	55 PPM	1	7	5	1	0	0	52,2906	0,4199	2,7453	1,0620	1,5060	45,4444	1,5688	0,3044	1,6974	2,2756	0,2799	1,1319	0,1748	0,6179	0,8046	1,0551	
COM315	13.12.2019 20:01:59	39397606,25 %	12,17	1,28 %	16 PPM	65 PPM	11	2	842 PPM	606 PPM	21 PPM	1	7	5	1	0	0	51,8960	0,4360	2,8211	0,4578	0,9273	46,6306	2,8423	0,2516	1,7814	0,8723	0,1629	1,1353	0,1754	0,5860	0,7838	1,0179	
COM316	13.12.2019 20:14:54	45792237,50 %	12,21	1,25 %	17 PPM	39 PPM	7	0	400 PPM	150 PPM	45 PPM	1	3	6	1	0	0	59,6715	0,4375	2,7554	0,5098	0,5552	29,7158	0,6478	0,1196	0,4403	1,8634	0,1630	0,5392	0,2127	0,6127	0,9545	1,2060	
COM317	13.12.2019 20:27:13	45085693,75 %	12,44	1,28 %	32 PPM	60 PPM	7	1	519 PPM	264 PPM	47 PPM	1	6	6	1	0	0	58,8124	0,4455	2,8140	0,9434	0,8544	29,3359	0,8621	0,1551	0,7764	1,9591	0,1934	0,9709	0,2230	0,6750	0,9498	1,2097	
COM318	13.12.2019 20:39:31	44929534,38 %	12,43	1,28 %	25 PPM	55 PPM	7	1	692 PPM	310 PPM	39 PPM	1	5	6	1	0	0	58,6225	0,4453	2,8281	0,7207	0,7867	30,0461	1,1160	0,2068	0,9114	1,6033	0,1853	0,7946	0,2195	0,7412	0,8769	1,1322	
COM319	13.12.2019 20:51:53	46656278,13 %	12,47	1,25 %	11 PPM	44 PPM	7	1	490 PPM	144 PPM	19 PPM	1	3	6	1	0	0	60,7222	0,4469	2,7627	0,3227	0,6223	28,7738	1,0003	0,1465	0,4235	0,7992	0,1705	0,4739	0,2018	0,6311	0,9195	1,1080	
COM320	13.12.2019 21:04:11	46095471,88 %	12,59	1,28 %	22 PPM	48 PPM	6	2	548 PPM	181 PPM	23 PPM	1	4	6	1	0	0	60,0403	0,4511	2,8217	0,6533	0,6833	27,6875	3,0935	0,1638	0,5329	0,9543	0,1643	0,7492	0,2200	0,6126	0,9270	1,1611	
COM321	13.12.2019 21:16:30	46052425,00 %	12,76	1,27 %	12 PPM	45 PPM	6	1	676 PPM	217 PPM	18 PPM	1	4	6	1	0	0	59,9879	0,4572	2,7928	0,3418	0,6456	27,0270	0,9024	0,2020	0,6393	0,7357	0,1738	0,7304	0,2217	0,6356	0,9722	1,1401	
COM322	13.12.2019 21:29:22	45725743,75 %	12,44	1,26 %	8 PPM	41 PPM	8	1	361 PPM	163 PPM	20 PPM	0	2	5	1	0	0	59,5907	0,4456	2,7806	0,2300	0,5811	36,5502	0,8585	0,1080	0,4784	0,8219	0,1333	0,3432	0,1869	0,5788	0,8662	1,1151	
COM323	13.12.2019 21:41:41	44688650,00 %	13,36	1,32 %	24 PPM	73 PPM	8	2	0,11 %	376 PPM	27 PPM	1	5	5	1	0	0	58,3296	0,4786	2,9132	0,7165	1,0401	36,1083	3,4187	0,3426	1,1059	1,1104	0,1967	0,8445	0,1922	0,5687	0,8442	1,0812	
COM324	16.12.2019 09:55:25	44681125,00 %	13,39	1,30 %	14 PPM	71 PPM	8	0	0,11 %	391 PPM	25 PPM	1	4	5	1	0	0	58,3205	0,4797	2,8642	0,4020	1,0076	36,2339	0,7741	0,3284	1,1503	1,0254	0,1975	0,6407	0,1895	0,5818	0,8370	1,0594	
COM325	16.12.2019 10:07:43	46985040,63 %	12,53	1,27 %	6 PPM	29 PPM	3	1	687 PPM	291 PPM	19 PPM	1	2	8	2	0	1	61,1219	0,4490	2,7999	0,1807	0,4172	12,6150	0,8134	0,2053	0,8572	0,7974	0,1708	0,3460	0,3038	0,8932	1,1396	1,3744	
COM326	16.12.2019 10:20:00	46706315,63 %	13,54	1,29 %	7 PPM	52 PPM	3	1	0,16 %	343 PPM	20 PPM	1	3	8	1	1	1	60,7830	0,4852	2,8492	0,2096	0,7379	12,1689	1,3044	0,4830	1,0094	0,8164	0,1787	0,4964	0,3017	0,7414	1,2906	1,4040	
COM327	16.12.2019 10:32:16	46991953,13 %	13,17	1,27 %	6 PPM	40 PPM	2	0	0,13 %	327 PPM	22 PPM	1	2	8	1	1	1	61,1303	0,4718	2,8067	0,1673	0,5725	10,7411	0,5441	0,3755	0,9607	0,9333	0,1798	0,3458	0,3020	0,7501	1,2283	1,4212	
COM328	16.12.2019 10:43:08	0 PPM	6,45	6,46 %	0,37 %	0,14 %	18	413	815 PPM	0,17 %	833 PPM	397	390	43	17	3	2	0,5521	0,2312	14,2246	109,4423	19,3764	76,7398	666,7068	0,2434	5,0305	34,6711	128,6481	67,2826	1,5481	8,6266	6,3219	5,0304	
COM329	16.12.2019 10:53:59	0 PPM	6,39	6,59 %	0,38 %	0,11 %	18	425	750 PPM	952 PPM	332 PPM	415	400	43	17	3	2	0,5119	0,2288	14,5116	110,0033	15,9065	78,3631	685,2216	0,2240	2,8010	13,8235	134,3958	69,0325	1,5755	8,7559	6,4319	5,0292	
COM330	16.12.2019 11:05:17	0 PPM	6,64	6,56 %	0,37 %	968 PPM	18	423	765 PPM	596 PPM	293 PPM	412	398	44	17	3	2	0,5233	0,2380	14,4633	108,5225	13,8148	78,4698	682,8182	0,2287	1,7521	12,1934	133,2347	68,6766	1,5843	8,7429	6,2853	4,9139	
COM331	16.12.2019 11:16:10	0 PPM	7,95	6,25 %	0,37 %	0,11 %	18	418	0,20 %	0,11 %	339 PPM	411	404	43	17	3	2	1,4556	0,2848	13,7595	107,0595	16,3007	76,9946	674,7165	0,5962	3,1796	14,1161	133,2073	69,8233	1,5820	8,7670	6,2385	4,8723	
COM332	16.12.2019 11:27:07	0 PPM	7,75	6,28 %	0,37 %	0,12 %	18	419	0,18 %	962 PPM	367 PPM	411	401	44	17	3	2	1,2355	0,2775	13,8453	107,2242	17,2184	77,1270	675,9006	0,5521	2,8302	15,2852	133,0882	69,3281	1,5827	8,7637	6,3340	4,9599	
COM333	16.12.2019 11:38:35	0 PPM	7,39	6,29 %	0,37 %	0,13 %	18	418	0,16 %	0,10 %	364 PPM	412	401	44	17	3	2	1,1995	0,2649	13,8565	108,0615	17,8673	76,8143	674,3586	0,4853	2,9776	15,1643	133,5198	69,3045	1,5838	8,7185	6,2720	4,9379	
COM334	16.12.2019 11:49:33	0 PPM	8,03	6,13 %	0,36 %	0,18 %	17	409	0,18 %	0,19 %	784 PPM	401	390	43	16	3	2	1,5148	0,2877	13,4960	106,2820	25,2349	75,3969	659,2132	0,5238	5,6784	32,6000	129,9203	67,2679	1,5636	8,5747	6,2650	4,9311	
COM335	16.12.2019 12:00:30	0 PPM	8,54	6,05 %	0,36 %	0,16 %	17	410	0,24 %	0,18 %	681 PPM	405	397	43	17	3	2	1,7944	0,3061	13,3288	106,4431	23,5440	75,3117	660,4244	0,7233	5,2058	28,3346	131,0707	68,5289	1,5770	8,7152	6,3300	4,9568	
COM336	16.12.2019 12:11:22	0 PPM	7,87	6,19 %	0,36 %	0,14 %	18	416	0,18 %	0,14 %	542 PPM	408	398	44	17	3	2	1,4315	0,2820	13,6268	106,5106	20,6424	76,0643	670,3467	0,5406	4,2206	22,5482	132,0016	68,7753	1,5982	8,7615	6,2998	4,9814	
COM337	16.12.2019 12:23:35	45312271,88 %	12,52	1,27 %	8 PPM	51 PPM	9	1	447 PPM	233 PPM	23 PPM	0	3	5	1	0	0	59,0879	0,4484	2,7963	0,2363	0,7234	37,4118	0,9953	0,1337	0,6850	0,9563	0,1540	0,4804	0,1949	0,5842	0,8598	1,0834	
COM338	16.12.2019 12:35:51	45151875,00 %	12,51	1,28 %	13 PPM	56 PPM	8	1	553 PPM	281 PPM	26 PPM	1	3	5	1	0	0	58,8929	0,4482	2,8099	0,3710	0,8005	35,3265	1,1697	0,1653	0,8268	1,0725	0,2186	0,5229	0,1902	0,6042	0,8405	1,0485	
COM339	16.12.2019 12:48:05	45348771,88 %	12,43	1,27 %	9 PPM	55 PPM	8	1	452 PPM	241 PPM	30 PPM	1	4	5	1	0	0	59,1323	0,4454	2,7924	0,2720	0,7834	35,2988	1,0431	0,1351	0,7078	1,2642	0,1745	0,6532	0,1945	0,6206	0,8669	1,1078	
COM340	16.12.2019 13:00:28	41866418,75 %	14,36	1,46 %	27 PPM	108 PPM	8	2	0,19 %	872 PPM	75 PPM	1	15	6	1	0	0	54,8979	0,5146	3,2107	0,7918	1,5395	33,8940	2,4454	0,5532	2,5641	3,1140	0,2788	2,5514	0,2020	0,6040	0,8749	1,0708	
COM341	16.12.2019 13:12:46	43423887,50 %	14,34	1,38 %	24 PPM	116 PPM	8	1	0,19 %	787 PPM	39 PPM	1	9	6	1	0	0	56,7917	0,5136	3,0406	0,6947	1,6514	35,6182	1,9039	0,5683	2,3144	1,6416	0,2962	1,5963	0,2130	0,6708	0,8669	1,1124	
COM342	16.12.2019 13:25:30	43703706,25 %	13,93	1,38 %	15 PPM	118 PPM	8	1	0,16 %	716 PPM	26 PPM	1	7	5	1	0	0	57,1320	0,4991	3,0309	0,4520	1,6873	35,5582	2,1860	0,4687	2,1062	1,0681	0,2700	1,2502	0,1925	0,6158	0,8924	1,0667	
COM343	16.12.2019 13:37:48	43286215,63 %	14,45	1,38 %	18 PPM	121 PPM	8	1	0,17 %	787 PPM	25 PPM	1	8	6	1	0	0	56,6243	0,5178	3,0369	0,5325	1,7299	36,4003	2,2813	0,5063	2,3146	1,0383	0,2420	1,4062	0,2018	0,6176	0,8572	1,0790	
COM344	16.12.2019 13:50:06	43038556,25 %	14,91	1,42 %	23 PPM	131 PPM	8	2	0,19 %	961 PPM	27 PPM	1	8	6	1	0	0	56,3232	0,5341	3,1197	0,6714	1,8642	35,3729	2,4627	0,5814	2,8258	1,1182	0,2978	1,3869	0,2049	0,6443	0,8660	1,1191	
COM345	16.12.2019 14:02:24	42491800,00 %	14,64	1,44 %	19 PPM	132 PPM	8	2	0,17 %	884 PPM	26 PPM	1	9	6	1	0	0	55,6584	0,5244	3,1833	0,5421	1,8792	35,7243	4,0156	0,5224	2,5986	1,0698	0,3106	1,6279	0,2093	0,6421	0,8698	1,0845	
COM346	16.12.2019 14:14:34	41156934,38 %	11,26	1,16 %	23 PPM	53 PPM	11	1	423 PPM	187 PPM	36 PPM	0	2	5	1	0	0	54,0352	0,4035	2,5660	0,6720	0,7530	45,6367	0,8320	0,1265	0,5499	1,4795	0,1593	0,3532	0,1766	0,6194	0,7436	1,0121	
COM347	16.12.2019 14:26:46	40155428,13 %	11,93	1,26 %	23 PPM	72 PPM	10	1	0,14 %	660 PPM	28 PPM	1	7	5	1	0	0	52,8175	0,4275	2,7692	0,6630	1,0331	44,2196	1,8230	0,4279	1,9397	1,1697	0,4148	1,2001	0,1858	0,6005	0,8215	1,0607	
COM348	16.12.2019 14:39:06	39155493,75 %	12,47	1,32 %	39 PPM	96 PPM	9	2	966 PPM	943 PPM	41 PPM	1	9	5	1	0	0	51,6016	0,4468	2,9027	1,1320	1,3724	38,1068	3,1709	0,2885	2,7736	1,7048	0,2184	1,6398	0,1951	0,6481	0,8433	1,1061	
COM349	16.12.2019 14:51:24	45280425,00 %	12,13	1,25 %	13 PPM	37 PPM	6	1	392 PPM	130 PPM	24 PPM	0	3	6	1	0	0	59,0492	0,4347	2,7555	0,3720	0,5264	27,5432	1,4833	0,1172	0,3828	1,0183	0,1542	0,4675	0,2194	0,6398	0,9721	1,2089	
COM350	16.12.2019 15:03:45	44935762,50 %	12,35	1,25 %	20 PPM	51 PPM	7	0	510 PPM	248 PPM	36 PPM	1	4	6	1	0	0	58,6301	0,4425	2,7584	0,5943	0,7234	28,4992	0,6794	0,1524	0,7281	1,4996	0,1763	0,6699	0,2212	0,5997	0,9452	1,1512	
COM351	16.12.2019 15:16:06	44668203,13 %	12,34	1,26 %	38 PPM	62 PPM	7	1	630 PPM	278 PPM	49 PPM	1	4	6	1	0	0	58,3048	0,4421	2,7702	1,1137	0,8825	28,8899	0,8371	0,1882	0,8169	2,0505	0,2133	0,6739	0,2176	0,6475	0,9502	1,1411	
COM352	16.12.2019 15:28:24	46065050,00 %	12,33	1,27 %	34 PPM	58 PPM	7	2	471 PPM	182 PPM	40 PPM	1	4	6	1	0	0	60,0033	0,4418	2,8025	0,9813	0,8339	31,6511	2,4469	0,1408	0,5339	1,6534	0,1971	0,7346	0,2007	0,6985	0,8999	1,1381	
COM353	16.12.2019 15:41:10	46606000,00 %	12,61	1,27 %	8 PPM	37 PPM	6	0	608 PPM	169 PPM	17 PPM	0	4	6	1	0	0	60,6610	0,4516	2,7969	0,2398	0,5336	26,9264	0,6679	0,1815	0,4971	0,7110	0,1537	0,7089	0,2236	0,5881	0,9342	1,1747	
COM354	16.12.2019 15:53:28	46219343,75 %	12,52	1,26 %	15 PPM	56 PPM	7	1	584 PPM	196 PPM	22 PPM	1	4	6	1	0	0	60,1909	0,4484	2,7813	0,4287	0,8051	29,9957	0,8749	0,1744	0,5763	0,8998	0,1743	0,6278	0,2004	0,5713	0,9158	1,0841	
COM355	16.12.2019 16:05:54	45247759,38 %	12,27	1,26 %	38 PPM	51 PPM	8	1	379 PPM	183 PPM	45 PPM	1	3	5	1	0	0	59,0095	0,4395	2,7781	1,0980	0,7301	36,2165	1,5579	0,1131	0,5383	1,8852	0,1785	0,5004	0,1818	0,5792	0,8401	1,0801	
COM356	16.12.2019 16:18:13	44549750,00 %	13,25	1,28 %	43 PPM	70 PPM	9	0	999 PPM	369 PPM	48 PPM	1	4	5	1	0	0	58,1607	0,4745	2,8309	1,2631	1,0006	37,9647	0,7494	0,2986	1,0853	1,9847	0,1911	0,7715	0,1934	0,6485	0,7814	1,0315	
COM357	16.12.2019 16:30:32	44682421,88 %	13,02	1,27 %	54 PPM	73 PPM	8	1	844 PPM	342 PPM	58 PPM	1	4	5	1	0	0	58,3221	0,4664	2,8051	1,5793	1,0465	34,4061	1,2992	0,2522	1,0069	2,4099	0,1984	0,7144	0,1868	0,6982	0,8026	1,0440	
COM358	16.12.2019 16:42:49	46720559,38 %	13,21	1,27 %	6 PPM	35 PPM	3	1	896 PPM	331 PPM	24 PPM	1	2	8	2	1	1	60,8003	0,4732	2,8090	0,1756	0,5015	11,9330	1,1743	0,2679	0,9721	1,0116	0,1975	0,3989	0,3005	0,8283	1,2814	1,4503	
COM359	16.12.2019 16:55:06	45844668,75 %	15,20	1,32 %	9 PPM	80 PPM	3	0	0,30 %	480 PPM	23 PPM	1	3	8	2	1	1	59,7353	0,5444	2,8995	0,2650	1,1440	11,4303	0,4230	0,8932	1,4122	0,9624	0,1973	0,5718	0,3084	0,7968	1,2291	1,4164	
COM360	16.12.2019 17:07:22	46199221,88 %	13,10	1,28 %	7 PPM	40 PPM	3	0	0,12 %	432 PPM	22 PPM	1	2	9	2	1	1	60,1664	0,4692	2,8174	0,2108	0,5781	11,9166	0,6586	0,3622	1,2694	0,9353	0,1898	0,3537	0,3125	0,7986	1,2508	1,4587	
COM361	16.12.2019 17:18:11	0 PPM	6,39	6,52 %	0,37 %	0,11 %	18	422	773 PPM	821 PPM	294 PPM	416	401	43	17	3	2	0,5732	0,2288	14,3741	108,9797	15,7674	78,2690	679,9623	0,2309	2,4135	12,2290	134,7802	69,2525	1,5674	8,7269	6,2691	4,9144	
COM362	16.12.2019 17:29:03	0 PPM	6,49	6,53 %	0,37 %	0,10 %	18	422	787 PPM	937 PPM	286 PPM	414	401	43	17	3	2	0,6581	0,2324	14,3975	108,1221	14,9449	78,1137	681,2200	0,2351	2,7567	11,8870	134,0097	69,2790	1,5712	8,7535	6,2799	4,8970	
COM363	16.12.2019 17:39:55	0 PPM	6,50	6,57 %	0,37 %	882 PPM	18	425	791 PPM	490 PPM	173 PPM	415	403	43	17	3	2	0,5763	0,2327	14,4770	108,4501	12,5890	78,5910	684,9041	0,2364	1,4416	7,1973	134,4306	69,5768	1,5819	8,8164	6,2737	4,9107	
COM364	16.12.2019 17:50:53	0 PPM	7,69	6,20 %	0,37 %	0,14 %	18	416	0,16 %	0,15 %	479 PPM	414	399	43	17	3	2	1,3712	0,2756	13,6647	108,4886	19,9666	76,4276	670,3334	0,4887	4,2848	19,9486	133,9016	68,8889	1,5619	8,6735	6,2638	4,9426	
COM365	16.12.2019 18:01:47	0 PPM	7,69	6,26 %	0,37 %	0,12 %	18	419	0,17 %	0,12 %	360 PPM	415	405	43	17	3	2	1,4032	0,2754	13,8004	108,2806	17,7740	77,1025	675,9698	0,4964	3,3881	14,9771	134,4083	69,8777	1,5801	8,7755	6,3393	4,9911	
COM366	16.12.2019 18:12:39	0 PPM	7,63	6,21 %	0,37 %	0,14 %	18	415	0,16 %	0,14 %	441 PPM	414	402	43	17	3	2	1,3648	0,2732	13,6801	108,5276	19,3376	76,5163	669,3096	0,4862	4,0572	18,3347	134,0009	69,3900	1,5717	8,7676	6,3454	4,9535	
COM367	16.12.2019 18:23:34	0 PPM	7,75	6,20 %	0,37 %	0,13 %	18	417	0,18 %	0,11 %	383 PPM	412	403	43	17	3	2	1,4777	0,2777	13,6604	107,4961	17,8952	76,7637	672,3500	0,5453	3,3553	15,9391	133,3252	69,6130	1,5740	8,7200	6,2220	4,8719	
COM368	16.12.2019 18:34:30	0 PPM	8,17	6,05 %	0,37 %	0,17 %	17	408	0,19 %	0,20 %	657 PPM	410	399	43	17	3	2	1,6681	0,2928	13,3191	109,6003	23,9117	75,2438	658,2718	0,5573	5,8470	27,3339	132,7418	68,8208	1,5721	8,6831	6,2981	4,9386	
COM369	16.12.2019 18:45:26	0 PPM	8,06	6,09 %	0,38 %	0,16 %	17	410	0,17 %	0,17 %	601 PPM	411	401	44	17	3	2	1,6042	0,2887	13,4275	109,9331	22,3451	75,5751	661,8745	0,5065	5,1143	25,0073	133,0942	69,3009	1,5853	8,7331	6,2771	4,9424	
COM370	16.12.2019 18:58:15	45403321,88 %	12,43	1,28 %	9 PPM	61 PPM	8	1	506 PPM	244 PPM	23 PPM	1	4	5	1	0	0	59,1986	0,4454	2,8127	0,2689	0,8711	35,5066	1,2391	0,1510	0,7176	0,9498	0,1796	0,6855	0,1973	0,6168	0,9363	1,0829	
COM371	16.12.2019 19:10:34	44741331,25 %	12,32	1,29 %	15 PPM	69 PPM	7	1	449 PPM	267 PPM	69 PPM	1	8	5	1	0	0	58,3937	0,4412	2,8419	0,4446	0,9806	31,1414	1,3055	0,1340	0,7843	2,8642	0,1787	1,4525	0,1932	0,6076	0,8825	1,0753	
COM372	16.12.2019 19:23:28	43875084,38 %	12,34	1,29 %	30 PPM	81 PPM	8	1	538 PPM	376 PPM	87 PPM	1	10	5	1	0	0	57,3404	0,4421	2,8446	0,8756	1,1514	36,0617	1,2243	0,1609	1,1044	3,6318	0,2263	1,6667	0,1895	0,5848	0,8387	1,1037	
COM373	16.12.2019 19:35:44	42111659,38 %	14,65	1,42 %	37 PPM	130 PPM	9	1	0,21 %	971 PPM	43 PPM	1	10	5	1	0	0	55,1961	0,5249	3,1382	1,0687	1,8548	40,1468	2,3319	0,6248	2,8570	1,7899	0,3377	1,7490	0,1922	0,5749	0,8148	1,0803	
COM374	16.12.2019 19:47:57	44219209,38 %	13,75	1,34 %	7 PPM	89 PPM	9	1	0,12 %	565 PPM	13 PPM	1	7	5	1	0	0	57,7588	0,4927	2,9543	0,1986	1,2718	40,8957	1,7449	0,3487	1,6622	0,5327	0,1990	1,2400	0,1921	0,7141	0,7547	1,0175	
COM375	16.12.2019 20:00:10	42766846,88 %	14,35	1,40 %	33 PPM	126 PPM	9	2	0,18 %	852 PPM	29 PPM	1	8	5	1	0	0	55,9928	0,5142	3,0802	0,9694	1,8053	40,3558	2,4399	0,5233	2,5057	1,1912	0,3457	1,4536	0,1910	0,6026	0,8082	1,0371	
COM376	16.12.2019 20:12:28	42057831,25 %	13,60	1,39 %	70 PPM	137 PPM	8	2	0,16 %	851 PPM	89 PPM	1	12	5	1	0	0	55,1307	0,4874	3,0612	2,0337	1,9610	36,8124	2,4300	0,4649	2,5015	3,7041	0,2927	2,0743	0,1948	0,6605	0,8524	1,1089	
COM377	16.12.2019 20:24:46	42508503,13 %	14,91	1,43 %	14 PPM	167 PPM	8	2	0,23 %	0,11 %	24 PPM	1	12	6	1	0	0	55,6787	0,5342	3,1500	0,4176	2,3769	35,4911	3,5220	0,6854	3,1552	1,0100	0,2901	2,0558	0,2090	0,6959	0,8694	1,0883	
COM378	16.12.2019 20:37:03	41969662,50 %	14,86	1,46 %	20 PPM	147 PPM	8	3	0,17 %	957 PPM	28 PPM	1	10	6	1	0	0	55,0235	0,5324	3,2207	0,5920	2,0918	35,6534	4,6054	0,5141	2,8142	1,1779	0,3589	1,6732	0,2082	0,6445	0,9009	1,0778	
COM379	16.12.2019 20:49:14	41030050,00 %	11,08	1,15 %	21 PPM	54 PPM	10	0	341 PPM	149 PPM	31 PPM	0	2	5	1	0	0	53,8810	0,3971	2,5433	0,6099	0,7727	44,7515	0,4170	0,1019	0,4389	1,2940	0,1513	0,3108	0,1724	0,5173	0,8087	1,0565	
COM380	16.12.2019 21:01:28	39808400,00 %	11,97	1,27 %	31 PPM	85 PPM	10	1	992 PPM	703 PPM	33 PPM	1	8	5	1	0	0	52,3955	0,4289	2,7929	0,8965	1,2182	43,6886	2,0769	0,2965	2,0677	1,3557	0,2141	1,3388	0,1855	0,6048	0,8051	1,0478	
COM381	16.12.2019 21:14:18	38737409,38 %	12,20	1,31 %	53 PPM	96 PPM	10	2	0,10 %	688 PPM	43 PPM	1	7	5	1	0	0	51,0932	0,4371	2,8761	1,5564	1,3686	43,5099	3,2011	0,3060	2,0223	1,7928	0,2064	1,2492	0,1747	0,5308	0,8237	1,0193	
COM382	16.12.2019 21:26:35	45467318,75 %	12,04	1,24 %	12 PPM	39 PPM	6	0	394 PPM	134 PPM	28 PPM	1	3	6	1	0	0	59,2765	0,4314	2,7402	0,3521	0,5600	27,9515	0,6669	0,1178	0,3943	1,1610	0,1646	0,4840	0,2184	0,6011	0,9654	1,1556	
COM383	16.12.2019 21:38:56	45019540,63 %	12,37	1,24 %	16 PPM	46 PPM	7	1	467 PPM	169 PPM	33 PPM	1	3	6	1	0	0	58,7320	0,4431	2,7401	0,4742	0,6563	28,1775	1,1839	0,1395	0,4978	1,3624	0,1630	0,5695	0,2194	0,6369	0,9711	1,2036	
COM384	16.12.2019 21:51:16	44811150,00 %	12,45	1,26 %	32 PPM	63 PPM	7	1	552 PPM	229 PPM	46 PPM	1	3	6	1	0	0	58,4786	0,4460	2,7750	0,9266	0,8949	29,0325	1,1681	0,1649	0,6735	1,9321	0,2141	0,5045	0,2095	0,5836	0,9179	1,1639	
COM385	16.12.2019 22:03:34	46451568,75 %	12,43	1,26 %	9 PPM	40 PPM	7	1	455 PPM	132 PPM	16 PPM	0	3	6	1	0	0	60,4733	0,4453	2,7783	0,2626	0,5756	31,0712	0,9798	0,1360	0,3890	0,6562	0,1510	0,4588	0,2083	0,6150	0,9042	1,1007	
COM386	16.12.2019 22:15:53	46377168,75 %	12,63	1,26 %	20 PPM	40 PPM	6	1	582 PPM	153 PPM	23 PPM	1	3	6	1	0	0	60,3828	0,4523	2,7850	0,5801	0,5643	26,5062	1,2930	0,1737	0,4487	0,9559	0,1788	0,4919	0,2103	0,5693	0,9445	1,1370	
COM387	17.12.2019 09:08:28	46429118,75 %	12,42	1,26 %	17 PPM	44 PPM	7	1	557 PPM	151 PPM	26 PPM	0	3	6	1	0	0	60,4460	0,4448	2,7688	0,5030	0,6240	30,8051	0,9000	0,1664	0,4434	1,0813	0,1508	0,5930	0,2110	0,5652	0,9088	1,1113	
COM388	17.12.2019 09:20:55	45381375,00 %	12,25	1,27 %	6 PPM	46 PPM	9	1	342 PPM	131 PPM	13 PPM	0	2	5	1	0	0	59,1720	0,4389	2,7932	0,1883	0,6581	37,9221	1,2158	0,1022	0,3866	0,5605	0,1324	0,3795	0,1783	0,5507	0,8023	1,0542	
COM389	17.12.2019 09:33:10	45087750,00 %	13,03	1,29 %	10 PPM	56 PPM	9	1	876 PPM	258 PPM	15 PPM	1	3	5	1	0	0	58,8149	0,4667	2,8336	0,2816	0,7950	37,5093	1,3144	0,2617	0,7592	0,6207	0,1972	0,4911	0,1812	0,5193	0,8286	1,0472	
COM390	17.12.2019 09:45:25	44668496,88 %	12,48	1,28 %	24 PPM	63 PPM	9	1	0,12 %	271 PPM	24 PPM	1	2	5	1	0	0	58,3051	0,4471	2,8292	0,6936	0,8962	38,7657	2,0815	0,3656	0,7976	0,9944	0,2092	0,3812	0,1770	0,5398	0,8617	1,0367	
COM391	17.12.2019 09:57:40	46760831,25 %	12,55	1,28 %	6 PPM	35 PPM	3	1	701 PPM	234 PPM	20 PPM	1	2	8	2	1	1	60,8493	0,4497	2,8102	0,1716	0,4954	12,0560	1,2417	0,2096	0,6874	0,8167	0,1777	0,3815	0,3072	0,9031	1,1695	1,3947	
COM392	17.12.2019 10:09:56	45835496,88 %	13,50	1,30 %	19 PPM	54 PPM	3	1	0,17 %	365 PPM	54 PPM	1	5	9	2	1	1	59,7241	0,4835	2,8748	0,5486	0,7643	11,6312	1,2161	0,4965	1,0746	2,2546	0,2388	0,8991	0,3123	0,8136	1,2462	1,4634	
COM393	17.12.2019 10:22:13	46307931,25 %	12,69	1,28 %	8 PPM	32 PPM	3	1	0,11 %	253 PPM	20 PPM	1	2	8	2	1	1	60,2986	0,4545	2,8099	0,2468	0,4543	11,6252	1,1331	0,3221	0,7428	0,8478	0,1936	0,3478	0,3048	0,8135	1,2887	1,4151	
COM394	17.12.2019 10:33:04	0 PPM	6,34	6,55 %	0,38 %	0,11 %	18	422	731 PPM	0,14 %	314 PPM	415	402	43	17	3	2	0,4790	0,2270	14,4341	109,7373	16,3578	77,8166	680,1762	0,2185	4,0465	13,0819	134,3842	69,3336	1,5572	8,6197	6,3248	4,9424	
COM395	17.12.2019 11:59:58	0 PPM	6,28	6,57 %	0,38 %	0,11 %	18	424	723 PPM	0,10 %	270 PPM	417	399	43	17	3	2	0,4583	0,2251	14,4844	110,2183	15,3447	78,4144	683,5668	0,2162	3,0798	11,2391	134,9723	68,9299	1,5587	8,6010	6,2516	4,8783	
COM396	17.12.2019 12:10:52	0 PPM	6,30	6,61 %	0,38 %	930 PPM	18	425	726 PPM	760 PPM	223 PPM	417	400	44	17	3	2	0,4816	0,2256	14,5610	110,6823	13,2708	78,6671	685,3628	0,2169	2,2339	9,2926	135,0564	69,1366	1,5856	8,6745	6,2925	4,9513	
COM397	17.12.2019 12:21:50	0 PPM	7,80	6,32 %	0,37 %	0,12 %	18	420	0,17 %	0,12 %	325 PPM	415	400	43	17	3	2	1,3294	0,2796	13,9267	109,4364	16,6833	77,1759	676,6781	0,5205	3,6329	13,5054	134,3675	69,0576	1,5793	8,6639	6,3028	4,9354	
COM398	17.12.2019 12:32:45	0 PPM	7,87	6,24 %	0,37 %	0,14 %	18	415	0,18 %	0,20 %	456 PPM	410	405	44	17	3	2	1,4061	0,2821	13,7375	108,1631	19,8916	76,2393	668,9539	0,5419	5,9415	18,9609	132,8354	69,8570	1,5957	8,7007	6,2408	4,9452	
COM399	17.12.2019 12:43:19	0 PPM	7,89	5,90 %	0,37 %	0,34 %	16	389	0,13 %	0,80 %	0,14 %	412	440	43	16	3	2	1,4010	0,2827	12,9900	107,9474	48,5726	71,2038	627,0323	0,4008	23,5966	59,0818	133,4060	76,0154	1,5776	8,5634	6,4442	5,2093	
COM400	17.12.2019 12:54:11	0 PPM	7,70	6,37 %	0,37 %	0,11 %	18	422	0,15 %	0,11 %	252 PPM	416	402	43	17	3	2	1,1940	0,2758	14,0452	108,3536	15,8481	77,4861	680,0150	0,4584	3,2922	10,5040	134,8142	69,4671	1,5585	8,6702	6,2292	4,8991	
COM401	17.12.2019 13:05:07	0 PPM	8,04	6,28 %	0,37 %	0,13 %	18	417	0,21 %	0,17 %	413 PPM	410	406	43	17	3	2	1,3789	0,2879	13,8444	107,8620	18,2808	76,4098	672,7362	0,6128	5,0224	17,1674	132,6390	70,0424	1,5694	8,6857	6,3361	4,9449	
COM402	17.12.2019 13:16:03	0 PPM	7,97	6,10 %	0,38 %	0,18 %	17	407	0,16 %	0,31 %	764 PPM	406	405	43	17	3	2	1,5190	0,2855	13,4446	111,6117	25,0956	74,6798	656,6597	0,4845	9,0244	31,7761	131,3149	69,8969	1,5729	8,6327	6,3010	4,9868	
COM403	17.12.2019 13:28:18	44516609,38 %	12,32	1,30 %	28 PPM	89 PPM	9	1	442 PPM	263 PPM	70 PPM	1	8	5	1	0	0	58,1204	0,4413	2,8647	0,8235	1,2751	39,2776	1,5547	0,1322	0,7739	2,9018	0,1859	1,3926	0,1936	0,5932	0,8450	1,0738	
COM404	17.12.2019 13:40:31	45672200,00 %	12,42	1,27 %	7 PPM	48 PPM	9	0	431 PPM	206 PPM	15 PPM	0	3	5	1	0	0	59,5256	0,4449	2,8020	0,1919	0,6873	37,4618	0,7545	0,1287	0,6044	0,6178	0,1449	0,4775	0,1868	0,5572	0,8275	1,0375	
COM405	17.12.2019 13:52:47	45146156,25 %	12,20	1,28 %	15 PPM	58 PPM	9	1	440 PPM	249 PPM	46 PPM	1	6	5	1	0	0	58,8859	0,4369	2,8130	0,4501	0,8235	37,8516	0,8081	0,1313	0,7329	1,8961	0,1684	1,0121	0,1882	0,5653	0,8272	1,0690	
COM406	17.12.2019 14:05:05	42618971,88 %	14,62	1,43 %	15 PPM	161 PPM	8	2	0,20 %	0,11 %	24 PPM	1	12	6	1	0	0	55,8130	0,5239	3,1566	0,4391	2,2936	34,7621	2,8355	0,6033	3,3228	1,0124	0,2980	1,9937	0,2085	0,7138	0,8584	1,1097	
COM407	17.12.2019 14:17:20	43536671,88 %	14,68	1,40 %	10 PPM	112 PPM	9	1	0,19 %	810 PPM	20 PPM	1	9	6	1	0	0	56,9289	0,5259	3,0878	0,2785	1,6024	38,8294	1,9264	0,5640	2,3810	0,8404	0,2786	1,6178	0,2107	0,6614	0,8865	1,0757	
COM408	17.12.2019 14:29:37	39775212,50 %	14,55	1,48 %	203 PPM	310 PPM	9	3	0,18 %	0,14 %	191 PPM	2	11	6	1	0	0	52,3551	0,5213	3,2574	5,9351	4,4219	37,9090	4,9790	0,5384	3,9763	7,9452	0,7761	1,9037	0,2096	0,6689	0,8635	1,0759	
COM409	17.12.2019 14:41:54	42229490,63 %	13,66	1,39 %	35 PPM	123 PPM	9	2	0,18 %	732 PPM	69 PPM	1	14	5	1	0	0	55,3394	0,4893	3,0562	1,0286	1,7521	37,6211	2,6680	0,5280	2,1514	2,8889	0,2685	2,3752	0,1886	0,5834	0,8258	1,0731	
COM410	17.12.2019 14:54:52	42055675,00 %	13,75	1,41 %	41 PPM	121 PPM	9	2	0,19 %	860 PPM	63 PPM	1	13	5	1	0	0	55,1281	0,4925	3,1153	1,2052	1,7305	37,8779	3,4459	0,5824	2,5278	2,6030	0,2676	2,1900	0,1851	0,5858	0,8574	1,0909	
COM411	17.12.2019 15:07:10	38911640,63 %	14,37	1,50 %	234 PPM	265 PPM	9	3	0,20 %	0,15 %	172 PPM	2	12	6	1	0	0	51,3051	0,5148	3,3000	6,8540	3,7885	37,6378	5,3787	0,6125	4,2645	7,1377	0,7596	2,1034	0,2212	0,6731	0,8809	1,0921	
COMbl0.2_1	17.12.2019 17:43:23	47500790,63 %	12,45	1,26 %	4 PPM	13 PPM	2	0	497 PPM	227 PPM	20 PPM	1	1	9	2	1	1	61,7491	0,4459	2,7769	0,1113	0,1911	10,0134	0,2510	0,1486	0,6668	0,8280	0,1766	0,2145	0,3206	0,8549	1,2058	1,4425	
COMbl0.2_2	17.12.2019 17:55:41	47824040,63 %	12,39	1,26 %	5 PPM	18 PPM	3	0	504 PPM	187 PPM	23 PPM	1	1	8	1	1	1	62,1421	0,4438	2,7761	0,1359	0,2527	12,1515	0,2967	0,1507	0,5494	0,9752	0,1736	0,1890	0,3072	0,7533	1,2325	1,4505	
COMbl0.2_3	17.12.2019 18:07:58	47295481,25 %	12,60	1,26 %	15 PPM	23 PPM	3	0	523 PPM	180 PPM	53 PPM	1	2	9	2	0	1	61,4994	0,4513	2,7838	0,4433	0,3235	12,2799	0,3833	0,1562	0,5299	2,2113	0,1902	0,2968	0,3098	0,8599	1,1526	1,3806	
COMbl0.8box1_1	18.12.2019 09:39:57	45761653,13 %	11,95	1,26 %	32 PPM	34 PPM	8	1	301 PPM	203 PPM	46 PPM	1	4	5	1	0	0	59,6344	0,4283	2,7755	0,9312	0,4789	36,7708	0,9019	0,0899	0,5976	1,9013	0,1904	0,6177	0,1813	0,7450	0,8342	1,0344	
COMbl0.8box1_2	18.12.2019 09:52:13	44694065,63 %	11,64	1,25 %	98 PPM	70 PPM	8	0	264 PPM	280 PPM	147 PPM	1	4	5	1	0	0	58,3362	0,4171	2,7607	2,8633	1,0044	35,8253	0,4088	0,0789	0,8237	6,1095	0,2425	0,7770	0,1760	0,4826	0,8278	1,0338	
COMbl0.8box1_3	18.12.2019 10:04:23	45317396,88 %	11,97	1,26 %	16 PPM	30 PPM	10	0	258 PPM	99 PPM	30 PPM	0	1	5	1	0	0	59,0942	0,4287	2,7769	0,4692	0,4274	41,9859	0,2923	0,0771	0,2918	1,2453	0,1195	0,2158	0,1670	0,4652	0,8189	1,0471	
COMbl0.8box2_1	18.12.2019 10:16:34	45115384,38 %	12,23	1,27 %	10 PPM	44 PPM	9	1	296 PPM	96 PPM	55 PPM	0	5	5	1	0	0	58,8485	0,4382	2,7934	0,3050	0,6298	39,4629	0,8740	0,0885	0,2822	2,2924	0,1573	0,8611	0,1766	0,5672	0,8729	1,0684	
COMbl0.8box2_2	18.12.2019 10:28:47	44844856,25 %	11,93	1,25 %	75 PPM	66 PPM	9	0	283 PPM	177 PPM	118 PPM	1	1	5	1	0	0	58,5196	0,4272	2,7647	2,1805	0,9488	39,5980	0,3755	0,0844	0,5206	4,8999	0,2218	0,2482	0,1768	0,5092	0,8379	1,0410	
COMbl0.8box2_3	18.12.2019 10:41:02	45528950,00 %	11,97	1,26 %	20 PPM	27 PPM	9	0	274 PPM	94 PPM	42 PPM	0	1	5	1	0	0	59,3514	0,4289	2,7683	0,5763	0,3891	37,8116	0,4393	0,0818	0,2753	1,7384	0,1370	0,2295	0,1723	0,5020	0,8412	1,0288	
COMbl10_1	17.12.2019 16:29:23	45408009,38 %	12,18	1,22 %	79 PPM	44 PPM	7	0	351 PPM	108 PPM	63 PPM	1	1	6	1	0	0	59,2043	0,4364	2,6982	2,3050	0,6339	29,6564	0,2753	0,1049	0,3183	2,6124	0,1662	0,1811	0,2127	0,5385	0,9422	1,1507	
COMbl10_2	17.12.2019 16:41:36	45879334,38 %	12,03	1,23 %	5 PPM	21 PPM	7	0	353 PPM	67 PPM	14 PPM	0	1	6	1	0	0	59,7775	0,4309	2,7113	0,1415	0,2929	28,9751	0,2637	0,1055	0,1965	0,5804	0,1312	0,1976	0,2158	0,5486	1,0186	1,1526	
COMbl10_3	17.12.2019 16:53:52	45797034,38 %	12,19	1,24 %	7 PPM	19 PPM	6	0	364 PPM	72 PPM	19 PPM	0	1	6	1	0	0	59,6774	0,4366	2,7341	0,1919	0,2767	27,6219	0,2043	0,1087	0,2111	0,7745	0,1485	0,1481	0,2156	0,5827	1,0194	1,1893	
COMbl20_1	17.12.2019 15:41:11	41479700,00 %	11,26	1,15 %	9 PPM	29 PPM	10	0	298 PPM	62 PPM	21 PPM	0	1	5	1	0	0	54,4277	0,4035	2,5390	0,2535	0,4159	44,3956	0,1727	0,0890	0,1811	0,8815	0,1335	0,1474	0,1677	0,4554	0,8326	1,0012	
COMbl20_2	17.12.2019 15:53:23	41737493,75 %	11,35	1,15 %	9 PPM	29 PPM	10	0	310 PPM	62 PPM	20 PPM	0	1	5	1	0	0	54,7412	0,4065	2,5446	0,2531	0,4147	43,1620	0,5279	0,0926	0,1809	0,8137	0,1184	0,1907	0,1700	0,4732	0,7938	1,0397	
COMbl20_3	17.12.2019 16:05:33	41645012,50 %	11,19	1,15 %	5 PPM	28 PPM	10	0	299 PPM	49 PPM	12 PPM	0	1	5	1	0	0	54,6287	0,4010	2,5259	0,1346	0,4067	44,8768	0,1947	0,0893	0,1432	0,5064	0,1094	0,1670	0,1671	0,4428	0,7921	0,9998	
COMbl2_1	17.12.2019 17:06:28	47083840,63 %	12,59	1,25 %	5 PPM	25 PPM	6	0	454 PPM	96 PPM	15 PPM	0	1	6	1	0	0	61,2421	0,4509	2,7487	0,1334	0,3555	27,5316	0,4225	0,1356	0,2820	0,6245	0,1394	0,2389	0,2026	0,5546	0,9414	1,1231	
COMbl2_2	17.12.2019 17:18:45	46833490,63 %	12,43	1,25 %	9 PPM	33 PPM	7	0	436 PPM	117 PPM	25 PPM	0	2	5	1	0	0	60,9377	0,4455	2,7480	0,2776	0,4651	32,2448	0,4897	0,1302	0,3446	1,0398	0,1394	0,2673	0,1965	0,5614	0,9023	1,1268	
COMbl2_3	17.12.2019 17:31:05	47099615,63 %	12,25	1,24 %	5 PPM	22 PPM	8	0	406 PPM	81 PPM	19 PPM	0	1	5	1	0	0	61,2613	0,4390	2,7211	0,1583	0,3179	33,9164	0,2418	0,1214	0,2383	0,7973	0,1336	0,1375	0,1891	0,5257	0,8652	1,1094	
COMgff_1	17.12.2019 16:17:06	0 PPM	6,15	6,72 %	0,37 %	665 PPM	18	431	604 PPM	96 PPM	20 PPM	415	404	43	17	3	2	0,3257	0,2205	14,8135	108,0080	9,4874	79,6052	694,3825	0,1805	0,2830	0,8528	134,3732	69,6870	1,5760	8,6598	6,2391	4,8953	
COMgff_2	17.12.2019 15:18:07	0 PPM	6,11	6,72 %	0,37 %	662 PPM	18	431	608 PPM	97 PPM	24 PPM	415	405	43	17	3	2	0,3046	0,2188	14,8097	107,9219	9,4540	79,5444	695,1542	0,1816	0,2863	0,9982	134,2973	69,9145	1,5752	8,6229	6,3060	4,9204	
COMgff_3	17.12.2019 15:28:59	0 PPM	6,26	6,70 %	0,37 %	663 PPM	18	428	595 PPM	92 PPM	25 PPM	415	402	43	16	3	2	0,3484	0,2242	14,7595	108,7624	9,4610	79,4238	689,5890	0,1777	0,2693	1,0274	134,3722	69,3904	1,5607	8,5095	6,1403	4,8065	
COMgffbox_1	18.12.2019 09:05:21	0 PPM	6,12	6,67 %	0,37 %	617 PPM	18	426	571 PPM	125 PPM	39 PPM	415	394	43	16	3	2	0,2850	0,2192	14,6907	108,9725	8,8056	78,4524	686,3862	0,1706	0,3686	1,6350	134,4865	68,0752	1,5588	8,4095	6,1278	4,8387	
COMgffbox_2	18.12.2019 09:16:50	0 PPM	6,26	6,72 %	0,37 %	617 PPM	18	427	578 PPM	108 PPM	40 PPM	417	396	43	16	3	2	0,2739	0,2244	14,8109	109,4690	8,8025	78,7318	688,8317	0,1726	0,3179	1,6748	134,9701	68,3556	1,5542	8,4412	6,1742	4,8370	
COMgffbox_3	18.12.2019 09:27:43	0 PPM	6,10	6,70 %	0,37 %	616 PPM	18	426	570 PPM	119 PPM	42 PPM	416	395	42	16	3	2	0,2712	0,2184	14,7520	109,2707	8,7883	78,7319	686,8755	0,1702	0,3490	1,7608	134,6771	68,1700	1,5397	8,4139	6,1060	4,7739	